SYMBOL,SERIES,OPEN,HIGH,LOW,CLOSE,LAST,PREVCLOSE,TOTTRDQTY,TOTTRDVAL,TIMESTAMP,TOTALTRADES,ISIN
SGBJUN28,GB,15859,15859,15684.35,15719.87,15731,15632.45,316,4969039.31,24-Feb-2026,46,IN0020200104
SGBN28VIII,GB,15878.99,15878.99,15646,15717.77,15700,15627.11,140,2197699.63,24-Feb-2026,52,IN0020200286
SGBMAY29I,GB,15889,15919,15670.01,15892.78,15811,15745.37,866,13658129.15,24-Feb-2026,216,IN0020210053
SGBJUN29II,GB,15851,15879,15617.18,15756.8,15800,15717.73,376,5911680.25,24-Feb-2026,75,IN0020210061
SGBJU29III,GB,15638,15750,15635.01,15727.87,15749.99,15634.2,265,4162763.87,24-Feb-2026,52,IN0020210087
SGBSEP29VI,GB,15666,16000,15650,15804.75,15702.02,15726.7,1382,21755522.58,24-Feb-2026,142,IN0020210145
SGBNV29VII,GB,15750,15849,15616,15810.7,15847,15662.52,271,4266145.90,24-Feb-2026,87,IN0020210178
SGBMAY26,GB,15725,15750,15647,15647,15647,15646,59,929118.70,24-Feb-2026,6,IN0020180033
SGBOCT26,GB,15635.12,15750,15635.12,15750,15750,15604.07,11,173020.04,24-Feb-2026,4,IN0020180249
SGBNOV26,GB,15600.99,15700,15600,15657.82,15660,15601,244,3811762.53,24-Feb-2026,37,IN0020180314
SGBJUL27,GB,15705,15705,15501,15667,15655,15200,225,3514729.61,24-Feb-2026,40,IN0020190081
SGBAUG27,GB,16454,16454,15537.12,15679.88,15678.49,15571.4,245,3835140.03,24-Feb-2026,73,IN0020190107
SGBSEP27,GB,15600,16199,15600,15694.49,15694.49,15612.3,6,94339.72,24-Feb-2026,4,IN0020190115
SGBJAN27,GB,15799,15799,15799,15799,15799,15598.04,1,15799.00,24-Feb-2026,1,IN0020180462
SGBOCT27,GB,15508.07,15982.99,15508.07,15982.99,15982.99,15500,10,156899.12,24-Feb-2026,7,IN0020190370
SGBOCT27VI,GB,15701,15701,15600,15696.28,15651,15412.01,66,1034855.10,24-Feb-2026,11,IN0020190388
SGBDC27VII,GB,15625,15651,15606.92,15651,15651,15584,24,375537.92,24-Feb-2026,11,IN0020190461
SGBAPR28I,GB,15615.01,15776,15602.49,15741.66,15744,15614.69,291,4575646.32,24-Feb-2026,86,IN0020200062
SGBMAY28,GB,15670,15819.99,15600,15712.5,15730,15627.53,279,4381435.03,24-Feb-2026,63,IN0020200088
SGBJUL28IV,GB,15899,15899,15606.11,15772.82,15801,15692.84,763,11977551.88,24-Feb-2026,90,IN0020200146
SGBFEB28IX,GB,16618,16618,15699.9,15699.9,15699.9,15570,14,230815.80,24-Feb-2026,8,IN0020190545
SGBAUG28V,GB,15701,15763,15651.01,15740.22,15750,15640.83,1602,25192680.12,24-Feb-2026,220,IN0020200161
SGBSEP28VI,GB,15661.01,15774,15655.37,15715.47,15701.01,15655.37,907,14241984.49,24-Feb-2026,132,IN0020200195
SGBOC28VII,GB,15701,15792.92,15631.04,15701.5,15701.5,15631.04,302,4731449.48,24-Feb-2026,52,IN0020200203
SGBJ28VIII,GB,15600,15600,15600,15600,15600,15600,2,31200.00,24-Feb-2026,1,IN0020190537
SGBMAR28X,GB,16000,16000,15640,15690,15690,15625.8,38,602631.00,24-Feb-2026,9,IN0020190552
SGBJUL29IV,GB,16010,16010,15652,15778.73,15800.51,15758.12,110,1733751.91,24-Feb-2026,39,IN0020210111
SGBJAN29IX,GB,15990,15990,15641.01,15756.83,15760,15639.99,248,3897692.99,24-Feb-2026,40,IN0020200377
SGBAUG29V,GB,15710,15932.99,15673,15932.99,15932.99,15658.94,132,2083411.00,24-Feb-2026,58,IN0020210129
SGBD29VIII,GB,15830,15830,15701.01,15728.77,15716,15698.07,84,1321742.77,24-Feb-2026,38,IN0020210228
SGBJAN29X,GB,15622,15750,15621,15675.13,15670,15618.64,401,6289929.39,24-Feb-2026,37,IN0020200385
SGBFEB29XI,GB,15800,15800,15641,15725,15725,15624,52,816879.32,24-Feb-2026,19,IN0020200393
SGBMR29XII,GB,15660.01,15825.01,15602.05,15789.11,15712,15658.59,481,7578768.78,24-Feb-2026,67,IN0020200427
SGBJUN30,GB,15751,16000,15720,15931.65,15920.06,15734.04,317,5016446.44,24-Feb-2026,91,IN0020220045
SGBAUG30,GB,16166.18,16166.18,15855,15945.57,15950,15849.2,331,5268477.76,24-Feb-2026,98,IN0020220078
SGBDE30III,GB,16149,16410,15811.01,16105.92,16005.25,15881.8,526,8478425.61,24-Feb-2026,139,IN0020220110
SGBJAN30IX,GB,15725.01,15925,15699.99,15889.93,15889.93,15722.69,253,3988364.38,24-Feb-2026,60,IN0020210236
SGBMAR30X,GB,15719,15978,15610,15874.5,15801,15773.78,168,2649365.77,24-Feb-2026,46,IN0020210319
SGBJUN31I,GB,15886.25,16100,15886.25,16051.88,16100,15886.21,477,7626651.71,24-Feb-2026,198,IN0020230069
SGBSEP31II,GB,16198.82,16198.82,15912,16061.06,16099,15881.2,1323,21203704.88,24-Feb-2026,273,IN0020230093
SGBDE31III,GB,16538.16,16538.16,16216,16275.08,16260,16213.88,789,12844744.08,24-Feb-2026,254,IN0020230168
SGBMAR31IV,GB,16000,16048.14,15901,16004.06,16000,15947.93,259,4140286.76,24-Feb-2026,65,IN0020220169
SGBFEB32IV,GB,16999,16999,16720.01,16851.55,16878.99,16851.73,1206,20290011.72,24-Feb-2026,313,IN0020230184
20MICRONS,EQ,179.04,179.49,172.75,175.7,175.61,178.86,100039,17554144.67,24-Feb-2026,2245,INE144J01027
21STCENMGM,EQ,36.44,36.75,35.4,36.67,36.75,36.06,1226,44675.66,24-Feb-2026,23,INE253B01015
360ONE,EQ,1120,1129,1099,1113.4,1119.4,1126.9,432011,479435310.80,24-Feb-2026,23181,INE466L01038
GOLD360,EQ,153.6,155,153.3,154.35,154.25,152.55,81704,12601144.75,24-Feb-2026,959,INF579M01BB5
SILVER360,EQ,257.98,262.16,256.85,257.64,258,257.98,118027,30585306.89,24-Feb-2026,2595,INF579M01BC3
3IINFOLTD,EQ,14.41,14.51,14.09,14.1,14.18,14.45,460886,6524625.92,24-Feb-2026,1469,INE748C01038
3MINDIA,EQ,36030,36320,35700,35875,35980,36115,1902,68391605.00,24-Feb-2026,1591,INE470A01017
3PLAND,EQ,34.4,34.4,33.73,33.77,34,34.4,1467,49822.05,24-Feb-2026,57,INE105C01023
5PAISA,EQ,316.9,333.95,313.1,328.25,330.75,319.95,83352,26949098.40,24-Feb-2026,2534,INE618L01018
63MOONS,EQ,584,607.2,541,600.95,593,583.4,799119,461325177.20,24-Feb-2026,41918,INE111B01023
736PFCL28,N2,1086.71,1086.71,1050,1050.68,1050,1045.5,104,109343.42,24-Feb-2026,3,INE134E07349
743REC35,NH,1161.11,1165,1161.11,1165,1165,1161.11,297,345108.77,24-Feb-2026,7,INE020B07JU4
751HUDCO28,N5,1037.11,1037.11,1037.11,1037.11,1037.11,1038.01,300,311133.00,24-Feb-2026,2,INE031A07865
764NABAR31,N2,1151,1154.5,1151,1154.5,1154.5,1151,2600,2997443.50,24-Feb-2026,14,INE261F07032
764HUDCO31,N8,1103,1103,1103,1103,1103,1103,1,1103.00,24-Feb-2026,1,INE031A07AO5
769HUDCO31,N9,1100.5,1100.5,1099,1099,1099,1100.33,263,289312.90,24-Feb-2026,8,INE031A07AT4
774IREDA31,N7,1093.5,1093.5,1092.5,1092.89,1092.5,1099,267,291886.60,24-Feb-2026,6,INE202E07229
812REC27,NI,1076.5,1076.5,1076.5,1076.5,1076.5,1081,300,322950.00,24-Feb-2026,3,INE020B07GH7
82HUDCO27,N2,1025.99,1025.99,1022.03,1024.19,1024.75,1021.89,2255,2308511.05,24-Feb-2026,22,INE031A07840
850NHAI29,N5,1158.5,1158.5,1158.5,1158.5,1158.5,1354.55,3,3475.50,24-Feb-2026,1,INE906B07DE1
866NTPC33,N3,1211.09,1220,1211.09,1220,1220,1294.99,25,30366.35,24-Feb-2026,2,INE733E07JG5
872MMFSL26,N1,1002,1002,1002,1002,1002,1005,10,10020.00,24-Feb-2026,1,INE774D08LU6
875NHAI29,N6,1176.5,1179,1176.5,1179,1179,1176,480,565570.00,24-Feb-2026,9,INE906B07DF8
891IIFCL34,N4,1220.21,1225,1220,1225,1225,1221,289,352718.49,24-Feb-2026,9,INE787H07370
891NTPC33,N6,1228,1249,1228,1230,1230,1227.51,191,234668.00,24-Feb-2026,3,INE733E07JJ9
892NHPC33,N6,1302,1302,1302,1302,1302,1289,125,162750.00,24-Feb-2026,1,INE848E07567
892PFCL33,N8,1234.55,1235.75,1234.55,1235,1235,1241,201,248262.50,24-Feb-2026,5,INE134E07463
9MMFSML,N2,1062.65,1063.3,1062.5,1063.3,1063.3,1063.9,110,116933.80,24-Feb-2026,6,INE774D08MA6
901HUDCO34,NE,1240.9,1249,1217.1,1241.6,1241.99,1240.9,1041,1292451.48,24-Feb-2026,49,INE031A07AB2
ABCOTS,EQ,432.2,432.2,410.6,413.75,411,425,8052,3396165.90,24-Feb-2026,698,INE08PH01015
ABINFRA,EQ,21,21,19.9,20.3,20.5,20.82,1431640,29123376.86,24-Feb-2026,2444,INE00YB01025
AGUL,SM,82.5,85.95,82,84.95,84.95,85,56000,4649100.00,24-Feb-2026,13,INE0O6N01012
A2ZINFRA,EQ,14.35,15.92,14.2,15.92,15.92,14.48,1185989,18259949.15,24-Feb-2026,1111,INE619I01012
AAATECH,EQ,105.6,108.97,100.32,102.66,102,105.6,45088,4757237.29,24-Feb-2026,524,INE0D0U01013
AADHARHFC,EQ,474,483.6,447.4,452.35,452,470,699927,322146784.50,24-Feb-2026,17970,INE883F01010
AAKAAR,SM,68.05,68.05,66.5,66.5,66.5,70.85,6400,432880.00,24-Feb-2026,4,INE1GYP01013
AAKASH,EQ,9.28,9.28,8.39,8.6,8.56,8.82,116972,1021115.95,24-Feb-2026,659,INE087Z01024
AAREYDRUGS,EQ,79.64,80.1,72.45,75.54,75.5,80.49,459754,34354747.48,24-Feb-2026,3777,INE198H01019
AARON,EQ,164.08,164.99,160.68,161.05,161,163.43,5736,928752.13,24-Feb-2026,544,INE721Z01010
AARTECH,EQ,44.8,44.89,43.01,43.11,43.15,43.63,10924,474080.12,24-Feb-2026,244,INE01C001026
AARTIDRUGS,EQ,369.05,371.9,367.65,369.5,369.45,371.3,71369,26381581.70,24-Feb-2026,3531,INE767A01016
AARTIIND,EQ,442.35,453.05,437,449.8,448.1,446.7,683693,302744749.60,24-Feb-2026,26168,INE769A01020
AARTIPHARM,EQ,690.15,694.7,678.6,690.9,691.8,686.9,146568,100867415.70,24-Feb-2026,12241,INE0LRU01027
AARTISURF,EQ,406.7,410,400,401.1,400,405.95,2698,1084127.15,24-Feb-2026,283,INE09EO01013
AARTISURF,P1,177.95,177.95,177.9,177.9,177.9,177.95,2,355.85,24-Feb-2026,2,INE09EO04017
AARVI,EQ,126.5,128.27,123.3,124.59,125,126.62,12569,1568305.12,24-Feb-2026,261,INE754X01016
AATMAJ,SM,22,22,19.6,19.6,19.6,22.75,8000,169200.00,24-Feb-2026,4,INE0OB201016
AAVAS,EQ,1276.1,1278.8,1255.1,1269.2,1270,1285.4,129123,163706875.10,24-Feb-2026,13378,INE216P01012
ABAN,BE,20.25,20.45,19.85,19.94,20.08,20.25,44934,899646.95,24-Feb-2026,318,INE421A01028
AFSL,EQ,201.01,208.3,201.01,201.21,201.01,202.45,41836,8500202.28,24-Feb-2026,1879,INE00ZE01026
ABB,EQ,5881.5,6075,5881.5,6056,6060,5917.5,782563,4684461770.50,24-Feb-2026,67375,INE117A01022
ABBOTINDIA,EQ,26400,26520,26215,26365,26365,26470,1960,51591275.00,24-Feb-2026,1125,INE358A01014
ABHAPOWER,SM,32,32,32,32,32,32,1600,51200.00,24-Feb-2026,1,INE0UYG01015
AILIMITED,SM,34.85,34.85,34.85,34.85,34.85,33.2,1500,52275.00,24-Feb-2026,1,INE0CAJ01017
ABMINTLLTD,BE,42,43.7,42,42.83,42.83,43.72,410,17521.27,24-Feb-2026,8,INE251C01025
ABSMARINE,SM,168.1,170.4,156,161.8,162,168.85,68500,11207225.00,24-Feb-2026,120,INE0QRV01016
ACC,EQ,1618.5,1624.4,1605.6,1619.1,1624,1618.8,87389,141064633.90,24-Feb-2026,9178,INE012A01025
ACCELYA,EQ,1166.4,1189.4,1145,1164.8,1173,1166.4,15709,18151122.00,24-Feb-2026,1833,INE793A01012
ACCENTMIC,SM,330,330,324.05,326.45,327,331.85,19000,6201875.00,24-Feb-2026,33,INE0Q5D01013
ACCORD,SM,28.15,28.15,28.15,28.15,28.15,26.9,2000,56300.00,24-Feb-2026,1,INE113X01015
ACCPL,ST,68.45,68.45,68.45,68.45,68.45,68.5,1200,82140.00,24-Feb-2026,1,INE0T8T01010
ACCURACY,EQ,4.88,4.94,4.78,4.81,4.9,4.94,82400,397973.21,24-Feb-2026,543,INE648Z01023
ACEINTEG,EQ,18.93,19.49,18.2,18.83,18.98,19.02,1287,23948.90,24-Feb-2026,75,INE543V01017
ACMESOLAR,EQ,231.48,234.01,228.85,231.6,232.01,231.49,306449,71005933.39,24-Feb-2026,7213,INE622W01025
ACE,EQ,877.35,877.75,862,865.55,867.85,877.35,82545,71668979.25,24-Feb-2026,5491,INE731H01025
ACUTAAS,EQ,2130.8,2183.5,2112.6,2152.3,2146,2146.8,358290,772623537.20,24-Feb-2026,42638,INE00FF01025
ADANIENSOL,EQ,999.75,1045,993.7,1037.1,1040.6,1003.8,1356273,1381296026.35,24-Feb-2026,29966,INE931S01010
ADANIENT,EQ,2168.6,2204.7,2162.2,2183,2184,2191,1152423,2514696048.70,24-Feb-2026,45878,INE423A01024
ADANIGREEN,EQ,970.15,988,956.45,981.35,984,970.35,1290484,1251523006.15,24-Feb-2026,25195,INE364U01010
ADANIPORTS,EQ,1553.7,1564,1536.4,1555.4,1561.9,1555.8,1360612,2106009751.40,24-Feb-2026,57521,INE742F01042
ADANIPOWER,EQ,143.5,144.72,142.24,144.31,144.35,144.05,8248526,1183334772.18,24-Feb-2026,56599,INE814H01029
ATGL,EQ,523,523.7,515.15,518.15,519,525.6,275654,142990584.75,24-Feb-2026,11044,INE399L01023
ADDICTIVE,SM,99.5,100,98,98.85,98.2,99.5,4000,396250.00,24-Feb-2026,8,INE0RDH01021
ADFFOODS,EQ,227.82,227.82,207.9,211.7,210.6,227.82,435980,93499430.00,24-Feb-2026,9109,INE982B01027
ABSLAMC,EQ,920,934.2,909.2,927.15,928.45,919.05,431143,399428417.95,24-Feb-2026,17953,INE404A01024
ABCAPITAL,EQ,345,351,338.75,349.3,350.9,346.2,10786939,3727763131.30,24-Feb-2026,48070,INE674K01013
ABFRL,EQ,69.7,69.7,67.9,68.8,69.49,69.64,2176039,149696441.35,24-Feb-2026,12378,INE647O01011
ABLBL,EQ,106,106.38,103.55,104.44,104.1,106.68,507068,52964919.78,24-Feb-2026,7437,INE14LE01019
BIRLAMONEY,EQ,132,139.83,131.71,134.95,136.99,132.16,65160,8849165.41,24-Feb-2026,1473,INE865C01022
ABREL,EQ,1294.7,1297.4,1254.1,1267.8,1269,1304.6,106499,135326886.00,24-Feb-2026,11713,INE055A01016
CPPLUS,EQ,1503.9,1504.1,1428,1474.5,1466.1,1504.9,192238,279677619.70,24-Feb-2026,16402,INE819V01029
AUSL,SM,23.9,24.5,23.9,24.5,24.5,23.45,6000,145800.00,24-Feb-2026,3,INE01YQ01013
AVL,EQ,481.2,492.65,478.85,481.2,480.1,486.25,69857,33874762.70,24-Feb-2026,5180,INE679V01027
BSLGOLDETF,EQ,139.67,139.67,138.13,139.22,139.2,137.95,275625,38314130.59,24-Feb-2026,2129,INF209KB18D3
BSLNIFTY,EQ,29.99,29.99,29.55,29.65,29.71,29.89,416070,12348066.04,24-Feb-2026,5551,INF209KB19D1
ADOR,EQ,1070,1083.2,1051,1065.8,1061,1073.4,5208,5581013.10,24-Feb-2026,1071,INE045A01017
ADROITINFO,EQ,9.35,9.8,9.31,9.47,9.69,9.39,23784,225387.10,24-Feb-2026,169,INE737B01033
ADVAIT,EQ,1700.1,1735,1663.6,1717.6,1713.7,1700.4,21516,36524474.90,24-Feb-2026,3182,INE0ALI01010
ADVANCE,EQ,130.95,130.95,124.01,125.15,125.4,131.07,310201,39132440.24,24-Feb-2026,2743,INE1B0W01010
ADVENZYMES,EQ,313,314.4,307.5,308.6,308.1,313.9,224739,69769401.35,24-Feb-2026,4294,INE837H01020
ADVANIHOTR,EQ,55.11,55.62,54.5,54.8,54.9,55.11,20950,1149016.97,24-Feb-2026,508,INE199C01026
ADVENTHTL,EQ,211.6,211.6,196.61,198.09,198.5,204.73,128469,25765250.09,24-Feb-2026,4977,INE28GN01010
AEGISLOG,EQ,702.45,756,693.1,699.5,700,702.4,11865682,8560552036.55,24-Feb-2026,242774,INE208C01025
AEGISVOPAK,EQ,225.2,230.79,222,227.8,226.71,229.03,991076,223972201.70,24-Feb-2026,17458,INE0INX01018
AEL170725A,NG,1060,1060,1060,1060,1060,1060,100,106000.00,24-Feb-2026,1,INE423A07468
AEL1212026,NO,1000,1005,972,1005,1005,1000,289,288639.50,24-Feb-2026,8,INE423A07542
848AEL29,NJ,1007,1007,1003,1003,1003,1007,58,58186.00,24-Feb-2026,2,INE423A07492
860AEL28,NH,1012.01,1012.01,1012.01,1012.01,1012.01,1010.01,6,6072.06,24-Feb-2026,1,INE423A07484
862AEL31,NM,1008.01,1008.5,1008.01,1008.5,1008.5,1010,70,70585.20,24-Feb-2026,3,INE423A07518
875AEL29,NK,1020.05,1020.05,1020.05,1020.05,1020.05,1020.05,110,112205.50,24-Feb-2026,14,INE423A07534
890AEL31,NN,1006,1008.5,1006,1008.2,1008.2,1010.06,1515,1526105.85,24-Feb-2026,20,INE423A07526
895AEL27,N9,1040.11,1040.11,1040.11,1040.11,1040.11,1040,61,63446.71,24-Feb-2026,1,INE423A07450
9AEL30,NE,1015,1024.99,1014,1024.99,1024.99,1014.07,168,170456.95,24-Feb-2026,3,INE423A07443
915AEL28,NC,1058.99,1069,1058.99,1059.03,1069,1055,226,239342.00,24-Feb-2026,6,INE423A07435
930AEL30,NF,1064,1066.5,1064,1065,1065,1073.99,163,173624.50,24-Feb-2026,7,INE423A07393
AEQUS,EQ,139.99,143.5,138.05,142.61,143.5,139.22,719068,101669915.34,24-Feb-2026,11278,INE947N01017
AEROENTER,EQ,80.2,80.2,77.12,77.98,77.12,78.95,181001,14165013.51,24-Feb-2026,1047,INE065D01027
AEROFLEX,EQ,219.6,221,213,218.62,220.5,220.23,971195,211158359.14,24-Feb-2026,11995,INE024001021
AERONEU,EQ,70.05,70.6,69,69.05,69,69.24,27719,1931764.07,24-Feb-2026,422,INE035801013
AERON,SM,98.9,98.9,95,97,97,98.9,6000,577550.00,24-Feb-2026,6,INE0WL801011
AESTHETIK,SM,80.25,81,80.2,81,81,82,8000,644950.00,24-Feb-2026,8,INE0TSF01011
AETHER,EQ,968.9,974.2,954.1,965,970,968.3,44120,42522571.10,24-Feb-2026,4738,INE0BWX01014
AFCONS,EQ,311.85,311.85,302.5,308,310,312.9,449432,137460354.80,24-Feb-2026,26829,INE101I01011
AFFLE,EQ,1500,1500.1,1394,1398.5,1404,1509.6,608427,861040075.80,24-Feb-2026,56486,INE00WC01027
AFFORDABLE,EQ,194.08,199.77,192,195,199.25,198.28,17542,3437781.38,24-Feb-2026,617,INE692Z01013
12AFIL27A,N0,9800,9800,9800,9800,9800,9700,2,19600.00,24-Feb-2026,1,INE916Y07040
12AFIL28,N0,9900,9950,9600,9600,9600,9896,35,342581.00,24-Feb-2026,10,INE916Y07057
AGARWALFT,SM,26.4,29,26.4,28,28,27.7,7500,205875.00,24-Feb-2026,5,INE0MLA01012
AGARIND,EQ,581,581,550.35,557.65,555,581.95,26578,14994362.50,24-Feb-2026,1949,INE204E01012
AGARWALTUF,SM,97.05,97.05,96,96,96,97.05,3600,348060.00,24-Feb-2026,3,INE0P8X01016
AGI,EQ,568,568,547.05,549.95,550,568.55,166502,92198678.90,24-Feb-2026,8929,INE415A01038
AGIIL,EQ,281.05,298.25,275.25,294.2,294.75,275.45,5700460,1652501052.75,24-Feb-2026,50303,INE976R01033
AGRITECH,BE,129,129,122.98,124.36,124.81,129.45,1784,222801.74,24-Feb-2026,59,INE449G01018
AGROPHOS,EQ,34,34.81,32.65,33.34,33.67,34.12,11865,402598.97,24-Feb-2026,171,INE740V01019
AGSTRA,BZ,3.75,3.75,3.6,3.6,3.63,3.67,155459,566501.27,24-Feb-2026,343,INE583L01014
AHLADA,EQ,46.52,47.48,46,46.6,46.31,46.36,13660,633272.89,24-Feb-2026,144,INE00PV01013
AHLUCONT,EQ,805,825,787.9,809,808,805.45,68673,55208780.75,24-Feb-2026,7329,INE758C01029
AIAENG,EQ,3831,3875.2,3825.2,3859.6,3856,3833.7,15108,58270099.30,24-Feb-2026,5581,INE212H01026
AIMTRON,SM,810,810,785,798.5,800.5,812.95,20000,15930120.00,24-Feb-2026,83,INE0RUV01018
GOLDTECH,EQ,40.34,41.5,38.2,40.76,41,40.34,71649,2869050.05,24-Feb-2026,948,INE805A01014
AIRAN,EQ,16.91,17.38,16.5,16.62,16.52,17.2,73587,1242246.25,24-Feb-2026,807,INE645W01026
AIROLAM,EQ,94.99,94.99,91.8,92.75,92.8,92.67,1219,112906.07,24-Feb-2026,58,INE801L01010
AJANTPHARM,EQ,2988.5,2988.5,2940.7,2948.8,2955,2978.4,55209,162898064.20,24-Feb-2026,15572,INE031B01049
AJAXENGG,EQ,491,494.75,484.05,490.4,492,491,50690,24839947.75,24-Feb-2026,3740,INE274Y01021
AJMERA,EQ,133.79,135.25,130.02,133.55,132.8,133.88,273147,36256278.00,24-Feb-2026,12883,INE298G01035
AJOONI,EQ,4.75,4.8,4.65,4.68,4.7,4.78,248521,1172261.44,24-Feb-2026,373,INE820Y01021
AKANKSHA,SM,73,73.05,72.45,72.45,72.45,73.45,8000,581800.00,24-Feb-2026,8,INE0PCY01014
AKASH,EQ,26.61,27.28,25.5,25.8,25.99,27.33,31455,820701.56,24-Feb-2026,232,INE737W01013
AKG,EQ,14.11,14.46,13.83,13.96,13.95,14.34,27740,388773.37,24-Feb-2026,160,INE00Y801016
AKI,EQ,6.1,6.18,4.88,4.98,4.98,6.1,1140124,5844286.58,24-Feb-2026,1853,INE642Z01026
AKIKO,ST,215,220,210,214,214,215,4000,859200.00,24-Feb-2026,5,INE0PMR01017
AFIL,EQ,7.28,7.37,6.8,7.07,7.2,7.05,8515873,60256506.40,24-Feb-2026,5405,INE916Y01027
AKSHOPTFBR,EQ,4.88,4.88,4.7,4.73,4.77,4.8,220022,1044660.56,24-Feb-2026,495,INE523B01011
AKSHAR,EQ,0.45,0.46,0.45,0.45,0.46,0.45,879148,398620.24,24-Feb-2026,463,INE256Z01025
AKSHARCHEM,EQ,221.99,222.93,215.31,217.79,216.5,220.2,627,136807.98,24-Feb-2026,44,INE542B01011
AKUMS,EQ,474,485,471,483.7,484.1,474.45,170992,81811736.45,24-Feb-2026,8558,INE09XN01023
AKZOINDIA,EQ,3086.1,3119.4,3079.9,3117.8,3110.1,3086.1,30662,95322055.10,24-Feb-2026,6041,INE133A01011
ALANKIT,EQ,9.24,9.47,9.13,9.23,9.22,9.19,155275,1433500.51,24-Feb-2026,580,INE914E01040
ALBERTDAVD,EQ,719.05,724,710,710.5,713,721.55,1529,1095682.20,24-Feb-2026,84,INE155C01010
ALCODIS,SM,72,72,72,72,72,75,1875,135000.00,24-Feb-2026,2,INE448V01019
ALEMBICLTD,EQ,94.5,94.75,91.45,92.47,92.35,94.76,268112,24813926.39,24-Feb-2026,2978,INE426A01027
APLLTD,EQ,765,767,747.05,750.85,750,769.35,66935,50571970.95,24-Feb-2026,6144,INE901L01018
ALGOQUANT,EQ,59.9,61.46,58.1,60.05,60.08,60.15,1149530,68087251.19,24-Feb-2026,3558,INE598D01035
ALICON,EQ,801,808.2,789.25,795.4,795.05,804.4,7860,6274582.90,24-Feb-2026,886,INE062D01024
ALIVUS,EQ,900.3,913.25,880.75,883.6,889.9,903.35,60419,54008944.20,24-Feb-2026,7051,INE03Q201024
ALKALI,EQ,70.77,70.78,68.13,69.07,69.9,69.8,1458,100723.35,24-Feb-2026,99,INE773I01017
ALKEM,EQ,5500,5508.5,5448,5495.5,5482,5490.5,119453,654807506.50,24-Feb-2026,17779,INE540L01014
ALKYLAMINE,EQ,1504.5,1523,1491.2,1496.1,1499,1512.2,26113,39162386.10,24-Feb-2026,5002,INE150B01039
ALLETEC,SM,167.2,167.2,150,160.85,160.15,167.1,116400,18299400.00,24-Feb-2026,230,INE0M2X01012
ALLTIME,EQ,248.04,248.04,240.59,245.35,246,248.05,25637,6254090.47,24-Feb-2026,912,INE0GV601021
ALLCARGO,EQ,8.65,8.85,8.63,8.69,8.7,8.64,4138855,35997752.59,24-Feb-2026,7514,INE418H01029
ATL,EQ,26.3,26.3,25.3,25.59,25.95,25.78,156057,3997769.50,24-Feb-2026,3909,INE0NN701020
ALLDIGI,EQ,832.4,832.4,814,825.8,825,825.45,2370,1955527.30,24-Feb-2026,394,INE835G01018
ABDL,EQ,499,502.6,487.9,495.8,495,501.45,173797,86064335.45,24-Feb-2026,8112,INE552Z01027
ADSL,EQ,122.79,122.79,117.11,119.07,119.91,121.82,143253,17030052.27,24-Feb-2026,2411,INE102I01027
ALMONDZ,EQ,16.02,16.35,15.85,15.99,15.91,15.83,97176,1562180.41,24-Feb-2026,345,INE326B01035
ALOKINDS,EQ,14.78,14.78,14.4,14.55,14.59,14.78,3374053,48906121.19,24-Feb-2026,7195,INE270A01029
ALPA,EQ,69,69,64.7,65.41,65.1,68.18,27158,1796634.13,24-Feb-2026,491,INE385I01010
ALPEXSOLAR,SM,785,788.5,770,780.55,787.2,790.8,36300,28199335.00,24-Feb-2026,245,INE0R4701017
ALPHAGEO,EQ,201,209,201,202.59,201.15,203.22,3205,653044.96,24-Feb-2026,116,INE137C01018
AMAGI,EQ,400.65,400.65,378.6,383.15,381,400.7,507857,195767670.35,24-Feb-2026,30365,INE121R01077
AMANTA,EQ,104.34,104.34,100.62,101.41,101.4,104.34,26010,2657178.10,24-Feb-2026,432,INE084K01015
ARE&M,EQ,857,862.85,848,858.8,858,857,233069,199728220.75,24-Feb-2026,13955,INE885A01032
AMBER,EQ,7770.5,8011,7699,7929.5,7980,7770,190988,1500749411.50,24-Feb-2026,21660,INE371P01015
AMBEY,SM,26.7,27.25,26.7,27.25,27.25,26.7,10000,270400.00,24-Feb-2026,5,INE0M3I01029
AMBICAAGAR,EQ,25.27,25.95,25.05,25.19,25.79,25.28,1642,41504.78,24-Feb-2026,27,INE792B01012
AMBIKCO,EQ,1403.4,1409.1,1355.3,1367.8,1372,1402,5699,7835955.70,24-Feb-2026,742,INE540G01014
AMBUJACEM,EQ,514.95,516.95,506.95,514.5,516,515.3,1586025,810226371.15,24-Feb-2026,23920,INE079A01024
AMDIND,EQ,41.94,44,41.1,42.37,41.61,41.94,13662,578074.80,24-Feb-2026,207,INE005I01014
AMEYA,SM,98.45,98.45,94.65,94.65,94.65,98.45,5000,484200.00,24-Feb-2026,4,INE0KT901015
AMNPLST,EQ,162.12,165.9,160,161.89,163.7,162.6,1649,266650.22,24-Feb-2026,105,INE275D01022
AMJLAND,EQ,40.51,41.39,39.31,40.96,41,41.12,33098,1331635.62,24-Feb-2026,1047,INE606A01024
AMRUTANJAN,EQ,606.75,611.95,600.05,602.9,601.75,603.7,4892,2951120.30,24-Feb-2026,456,INE098F01031
ARSSBL,EQ,510,518.4,500.1,504.2,504.95,513.25,282151,143355377.15,24-Feb-2026,8690,INE549H01021
ANANDRATHI,EQ,3060,3064,3010.2,3056.5,3046,3067.6,175954,534286341.30,24-Feb-2026,10475,INE463V01026
ANANTRAJ,EQ,548.5,548.5,536,543.9,545.2,547.65,1169338,633020458.20,24-Feb-2026,24735,INE242C01024
ANANTAM,IV,103,103,102.86,102.96,102.99,103,57195,5890927.49,24-Feb-2026,85,INE1UA823019
AMCL,ST,412.6,416.95,412.6,415.9,415.9,400,7200,2992640.00,24-Feb-2026,9,INE0VG001016
ACL,EQ,55.45,56.61,54.27,55.06,54.55,54.36,13080,717762.87,24-Feb-2026,311,INE666E01020
ANDHRAPAP,EQ,67.6,68.75,66.82,67.56,67.92,68.51,104750,7077664.96,24-Feb-2026,2054,INE435A01051
ANDHRSUGAR,EQ,71.99,72.48,70.76,71.84,71.8,71.7,88724,6326501.43,24-Feb-2026,1080,INE715B01021
ANGELONE,EQ,2491.1,2495.3,2454,2460.2,2466.6,2491.3,568449,1403574645.60,24-Feb-2026,24703,INE732I01013
ANIKINDS,EQ,47.99,48,45.3,45.74,46.38,47.42,2629,121478.34,24-Feb-2026,101,INE087B01017
APCL,EQ,127,134.23,124.59,126.47,128,129.97,13801,1770263.64,24-Feb-2026,744,INE071F01012
ANKITMETAL,BZ,1.7,1.7,1.67,1.69,1.7,1.67,11520,19554.51,24-Feb-2026,42,INE106I01010
AHCL,EQ,117,117,112.68,116.66,115.25,116.27,77304,8876748.15,24-Feb-2026,1303,INE0Y8W01017
ANLON,SM,378,378,378,378,378,378.4,800,302400.00,24-Feb-2026,2,INE0LR101013
ANMOL,EQ,12.18,12.25,11.01,11.61,11.6,12.17,114552,1318468.57,24-Feb-2026,575,INE02AR01019
ANNAPURNA,SM,176.2,178.2,169,173.2,171,176.2,52500,9078062.50,24-Feb-2026,152,INE0MGM01017
ANONDITA,SM,721.55,728,716,717.65,716,721.55,58000,41971650.00,24-Feb-2026,7,INE0VTV01012
ANSALAPI,BZ,3.76,3.79,3.75,3.79,3.79,3.72,611984,2318594.01,24-Feb-2026,180,INE436A01026
ANTGRAPHIC,EQ,0.9,0.92,0.77,0.83,0.82,0.9,219558,187928.31,24-Feb-2026,308,INE414B01021
ANTELOPUS,EQ,584.95,611.2,554,573.85,570,589.85,411897,237296500.00,24-Feb-2026,16366,INE818A01017
ANTHEM,EQ,699,710,690,697.5,696,696.35,171459,119638824.20,24-Feb-2026,12082,INE0CZ201020
AWHCL,EQ,493.3,508.9,480.1,500.35,502,493.3,113510,55572524.50,24-Feb-2026,4570,INE01BK01022
ANUHPHR,EQ,73.65,76.38,72.5,75.58,76.38,73.67,67113,4960507.79,24-Feb-2026,1092,INE489G01022
ANURAS,EQ,1272.2,1280.3,1256.1,1268.8,1263.7,1283.2,144014,182292969.70,24-Feb-2026,7107,INE930P01018
ANYA,SM,19.25,19.95,19,19.5,19.5,19.9,80000,1541250.00,24-Feb-2026,12,INE0SI601032
AONEGOLD,EQ,14.7,14.8,14.62,14.77,14.79,14.62,955501,14092031.30,24-Feb-2026,3698,INF1J2R01114
AONELIQUID,EQ,1048.24,1048.24,1048.22,1048.23,1048.24,1048.09,20699,21697286.42,24-Feb-2026,80,INF1J2R01056
AONENIFTY,EQ,10.53,10.85,10.4,10.44,10.5,10.53,402030,4205669.71,24-Feb-2026,2213,INF1J2R01064
AONETMMQ50,EQ,9.82,9.82,9.7,9.77,9.8,9.78,105239,1024634.48,24-Feb-2026,170,INF1J2R01148
AONETOTAL,EQ,11.89,11.89,11.71,11.76,11.78,11.84,366688,4314306.98,24-Feb-2026,1883,INF1J2R01015
APARINDS,EQ,10649,10862,10526.5,10825,10840,10690,82220,880002484.50,24-Feb-2026,19488,INE372A01015
APCOTEXIND,EQ,371.85,372.95,365.1,369.45,372.5,370.6,22220,8205439.45,24-Feb-2026,1607,INE116A01032
APEXECO,SM,132,136.75,130,133.75,133.75,130,7200,952600.00,24-Feb-2026,8,INE0T4V01015
APEX,EQ,441,452.95,426.3,431.8,431.85,443.1,1043649,456164379.45,24-Feb-2026,15082,INE346W01013
APLAPOLLO,EQ,2189.6,2213.4,2170,2195.6,2200,2191.5,1362267,2991341625.50,24-Feb-2026,71864,INE702C01027
930APMD27,N0,100900,100900,100900,100900,100900,100917.99,1,100900.00,24-Feb-2026,1,INE0TLC07085
930APMD29,N0,102200,102200,102200,102200,102200,102200,3,306600.00,24-Feb-2026,3,INE0TLC07069
930APMD32,N0,103599.1,103599.1,103576.7,103582,103582,103530,13,1346597.80,24-Feb-2026,5,INE0TLC07101
APOLLOHOSP,EQ,7658,7729.5,7658,7720.5,7721,7693,377143,2905285932.00,24-Feb-2026,51126,INE437A01024
APOLLO,EQ,230.9,247.5,228.1,238.6,239.55,230.6,4997751,1198979274.90,24-Feb-2026,54574,INE713T01028
APOLLOPIPE,EQ,329.9,331.15,323.3,327.05,327,329.95,81594,26640511.30,24-Feb-2026,2905,INE126J01016
APOLSINHOT,EQ,1280.8,1280.8,1225,1241.6,1240,1265.3,441,554387.10,24-Feb-2026,97,INE451F01024
APOLLOTYRE,EQ,455.7,458.6,450.8,454.75,454.9,453.5,1023066,465225742.75,24-Feb-2026,25668,INE438A01022
APRAMEYA,SM,225,225,207.25,217.15,217,226,27500,5817700.00,24-Feb-2026,30,INE0LQG01010
915APSBC31,N0,102200,102200,101354,101354,101354,102299.2,58,5903066.00,24-Feb-2026,2,INE0M2307388
APTECHT,EQ,91.57,91.57,87.5,88.31,88.49,91.57,147543,13070119.21,24-Feb-2026,2356,INE266F01018
APTUS,EQ,243.7,244.3,234.4,236.5,237.85,243.7,2257276,535971745.90,24-Feb-2026,43239,INE852O01025
AQYLON,EQ,1396,1460,1391,1399.1,1400,1396.5,61205,87941791.40,24-Feb-2026,1874,INE416A01044
ARABIAN,SM,76.5,76.5,72.85,72.85,72.85,75.75,6000,444700.00,24-Feb-2026,3,INE08NJ01024
ARCIIL,SM,48.05,49.7,48.05,49.7,49.7,51.8,4000,194850.00,24-Feb-2026,4,INE0YDV01010
ACI,EQ,559,580,547.55,574.75,578,564,126671,71581496.15,24-Feb-2026,6386,INE128X01021
ADL,EQ,70,73.82,69.21,73.82,73.82,69.21,92,6411.43,24-Feb-2026,5,INE0CHO01012
ARCHIDPLY,EQ,84.51,84.51,81.35,82.87,82.55,84.08,4088,339765.03,24-Feb-2026,105,INE877I01016
ARCHIES,EQ,15.66,16,15.33,15.51,15.55,15.66,4480,70086.52,24-Feb-2026,82,INE731A01020
ARFIN,EQ,71.15,71.81,69.5,70.84,70.14,72.16,790247,55220096.27,24-Feb-2026,2852,INE784R01023
ARHAM,ST,139.9,139.9,129.05,131.15,133.5,134.95,8000,1084200.00,24-Feb-2026,5,INE0L2Y01011
ARIES,EQ,338,353,334.55,339.95,338,340.55,32862,11276655.45,24-Feb-2026,1537,INE298I01015
ARIHANTCAP,EQ,86,87.52,82.2,84.41,84.6,84.18,1980427,167035709.54,24-Feb-2026,16199,INE420B01036
ARIHANTSUP,EQ,260.75,261.2,248,251.7,248,261.15,21052,5377642.60,24-Feb-2026,1097,INE643K01018
ARIS,EQ,113.05,115,109.34,111.71,111.4,113.16,1040203,117692230.88,24-Feb-2026,5471,INE0H9P01028
ARKADE,EQ,117.15,117.35,115,115.98,116.37,117.93,204230,23706855.94,24-Feb-2026,2588,INE0QRL01017
ARMANFIN,EQ,1580,1631,1560.7,1617.8,1611,1585.9,41099,65233000.00,24-Feb-2026,4246,INE109C01017
ARMOUR,SM,25.5,27.6,25.5,26.5,26.5,25.9,14000,369900.00,24-Feb-2026,7,INE0TZX01019
AROGRANITE,EQ,28.03,28.6,26.02,26.79,27,28.23,90318,2431764.70,24-Feb-2026,839,INE210C01013
ARROWGREEN,EQ,424.45,424.95,414.8,418.7,415.1,425,14957,6259364.95,24-Feb-2026,855,INE570D01018
ARTNIRMAN,EQ,41.4,42.85,40.05,40.49,40.75,41.39,1908,79035.91,24-Feb-2026,34,INE738V01013
ARTEMISMED,EQ,240,242.73,227.61,231.59,234.5,241.1,166733,39160782.40,24-Feb-2026,5199,INE025R01021
ARUNAYA,SM,20.3,20.3,20.3,20.3,20.3,20.35,2000,40600.00,24-Feb-2026,1,INE0TTG01017
ARVEE,BE,156.87,156.87,151.55,155,155,159.26,80,12322.82,24-Feb-2026,10,INE006Z01016
ARVINDFASN,EQ,454.25,455,441.1,444.5,442.15,454.3,138083,61636525.70,24-Feb-2026,10808,INE955V01021
ARVIND,EQ,370,370.75,352,357.55,358,375.2,1712256,612342517.35,24-Feb-2026,44653,INE034A01011
ARVINDPORT,SM,28.85,30.2,27.5,28,28,28.8,39000,1113525.00,24-Feb-2026,24,INE0P4T01013
ARVSMART,EQ,559.95,579,522,532.05,530,556.2,516443,280912996.40,24-Feb-2026,6339,INE034S01021
ASAHIINDIA,EQ,940.9,941,923.4,933.6,932,951.9,38140,35502529.40,24-Feb-2026,5599,INE439A01020
ASAHISONG,EQ,216.02,222.74,211.22,214.62,214.8,224.61,12302,2668828.83,24-Feb-2026,385,INE228I01012
ASCOM,ST,185,190,185,189,189,183,1500,282000.00,24-Feb-2026,3,INE08KD01015
ASHALOG,SM,62.95,62.95,61.1,62.95,62.95,63,3000,187000.00,24-Feb-2026,3,INE0LAA01017
ASHAPURMIN,EQ,511.25,536.7,511.25,531.2,530.95,514.8,967826,511148933.95,24-Feb-2026,24372,INE348A01023
ASHIANA,EQ,327,327,322.1,324.8,325.4,325.15,42479,13774566.90,24-Feb-2026,1596,INE365D01021
ASHIMASYN,EQ,15.2,15.9,14.63,15,15.01,15.27,141191,2116673.58,24-Feb-2026,651,INE440A01010
ASHOKLEY,EQ,209,211.02,208.62,210.18,210.6,210.76,12888307,2707003215.33,24-Feb-2026,123082,INE208A01029
ASHOKA,EQ,142.5,142.85,140.1,140.36,140.74,143.6,872406,123043872.02,24-Feb-2026,13843,INE442H01029
ASHOKAMET,EQ,15.52,17.5,15.01,15.62,15.6,15.52,583985,9642058.93,24-Feb-2026,1858,INE760Y01011
ASHWINI,SM,128.1,139,128,130.5,130,129,19000,2457750.00,24-Feb-2026,19,INE1A6Q01010
ASIANENE,EQ,309.7,312.65,306.8,309.85,311.7,309.7,108136,33513303.30,24-Feb-2026,1672,INE276G01015
ASIANTILES,EQ,70.4,71.29,69.07,69.71,69.7,70.88,2849661,199593365.75,24-Feb-2026,7383,INE022I01019
AHLEAST,EQ,155.17,155.72,153,153.25,153.25,158.06,1060,163292.79,24-Feb-2026,54,INE926K01017
ASIANHOTNR,EQ,306.05,307.25,292.7,298.25,295.55,303.15,10171,3041811.60,24-Feb-2026,399,INE363A01022
ASIANPAINT,EQ,2413,2441.5,2403.7,2413.1,2414.4,2429.7,499660,1207176476.70,24-Feb-2026,46809,INE021A01026
ASKAUTOLTD,EQ,433.6,434,425.25,427.8,427,433.1,53919,23089190.85,24-Feb-2026,3135,INE491J01022
ASPINWALL,EQ,214.11,218,213.3,213.77,213.51,214.88,1819,390710.91,24-Feb-2026,81,INE991I01015
ASPIRE,SM,14.2,14.2,14.1,14.1,14.1,14.8,12000,169500.00,24-Feb-2026,6,INE0S7801010
ASALCBR,EQ,836.2,839.9,813,825.9,825.4,832,31571,26097721.05,24-Feb-2026,2354,INE073G01016
ASTEC,EQ,624.55,624.55,612.05,618.35,615,625.4,11949,7370082.00,24-Feb-2026,900,INE563J01010
ASTERDM,EQ,643.5,653.55,633.5,638,639.9,646.05,296016,189747509.40,24-Feb-2026,12104,INE914M01019
ASTRAMICRO,EQ,910,930,903,922.85,922.1,920.85,174699,160365498.10,24-Feb-2026,10543,INE386C01029
ASTRAL,EQ,1623,1672.2,1623,1664,1658,1635.1,659604,1088733633.60,24-Feb-2026,33412,INE006I01046
ASTRAZEN,EQ,8870,8870,8681,8800.5,8820,8868,5237,45909788.00,24-Feb-2026,1442,INE203A01020
ASTRON,EQ,4.19,4.19,4,4.09,4.1,4.12,51763,212654.79,24-Feb-2026,177,INE646X01014
ATALREAL,EQ,25.46,25.75,24.06,24.65,24.81,25.24,3628651,89125302.87,24-Feb-2026,4300,INE0ALR01029
ATAM,EQ,67,67,64.25,65.69,65.29,65.39,16555,1089049.83,24-Feb-2026,338,INE09KD01013
ATCENERGY,SM,28.4,31,28.4,30.85,31,29.6,25200,760980.00,24-Feb-2026,21,INE0V0Q01019
ATHERENERG,EQ,714.05,715.35,680,698.85,706,718.15,1945327,1354507559.40,24-Feb-2026,46775,INE0LEZ01016
ATLPP,E1,12,12.02,10.09,10.61,10.61,10.59,18687,206551.55,24-Feb-2026,64,IN90NN701011
ATLANTAELE,EQ,919.95,919.95,872.25,881.35,885,905,83838,73913200.10,24-Feb-2026,4101,INE0Z4F01028
ATLANTAA,EQ,41,41.5,40,40.69,40.12,40.78,33829,1375619.66,24-Feb-2026,854,INE285H01022
ATLASCYCLE,EQ,92,92,84.2,88.1,87.95,90.44,6198,548576.21,24-Feb-2026,182,INE446A01025
ATMASTCO,SM,156.5,156.5,148.25,152.6,153.2,153.25,15200,2309120.00,24-Feb-2026,27,INE05DH01017
ATULAUTO,EQ,480.1,482.85,462.85,473.4,474.5,480.35,187377,88298666.50,24-Feb-2026,6041,INE951D01028
ATUL,EQ,6535,6535,6440,6468,6464,6527,60680,394269279.50,24-Feb-2026,3531,INE100A01010
AUBANK,EQ,970,1009.85,968.7,1002.2,1005,974.1,3314603,3273116195.55,24-Feb-2026,70258,INE949L01017
AURIGROW,BE,0.3,0.3,0.29,0.29,0.3,0.29,23859652,7148179.29,24-Feb-2026,2845,INE925Y01036
AURIONPRO,EQ,929,929.85,886,896.35,895.15,929.95,291704,261914944.55,24-Feb-2026,18363,INE132H01018
AUROIMPEX,SM,30.5,30.5,30.5,30.5,30.5,31.5,1600,48800.00,24-Feb-2026,1,INE0NUL01018
AUROPHARMA,EQ,1156.3,1167.2,1144,1164.4,1163,1150.6,988014,1146793707.20,24-Feb-2026,32878,INE406A01037
AURUM,EQ,188.35,189.99,181.06,183.7,183.7,188.35,57170,10510345.43,24-Feb-2026,1063,INE898S01029
AUSOMENT,BE,98,100.49,96.6,97.16,98.09,100.65,10459,1019946.32,24-Feb-2026,150,INE218C01016
APS,SM,330.05,335,327,329.65,329.95,341.9,13500,4457787.50,24-Feb-2026,51,INE0P0001010
AIIL,EQ,500,502,492.6,496.65,500,502.5,273011,135373536.60,24-Feb-2026,13593,INE206F01022
AUTOIND,EQ,77.15,78.08,75,75.69,76,78.01,64870,4938544.65,24-Feb-2026,1007,INE718H01014
AUTOAXLES,EQ,2025.8,2027.4,1960,2003.3,1982,2015.9,11011,21970448.00,24-Feb-2026,1547,INE449A01011
ASAL,EQ,463.5,468.05,455.45,458.3,459,467.65,8470,3885416.95,24-Feb-2026,703,INE900C01027
AVADHSUGAR,EQ,327.6,327.6,322.05,323.95,324.9,327.6,12090,3909888.15,24-Feb-2026,604,INE349W01017
AVALON,EQ,986.15,986.15,956.1,978.75,979.95,986.15,131912,128092462.85,24-Feb-2026,12728,INE0LCL01028
AVANA,SM,67,67,66.5,66.5,66.5,69.25,4000,267000.00,24-Feb-2026,2,INE1KU201016
AVANTEL,EQ,143.3,145.74,141.62,144.49,145.2,144.43,930441,134017103.20,24-Feb-2026,9007,INE005B01027
AVANTIFEED,EQ,1310,1357,1284.1,1334.5,1334,1310.9,978384,1301669477.85,24-Feb-2026,35254,INE871C01038
DMART,EQ,3840,3862.3,3798.6,3849.3,3840,3845.3,395317,1514991619.70,24-Feb-2026,28051,INE192R01011
CCAVENUE,EQ,18,18.16,17.61,17.72,17.8,18.1,6074176,108279309.36,24-Feb-2026,12077,INE483S01020
AVG,EQ,130.45,154,130.45,146.59,148.5,132.01,159399,23096483.73,24-Feb-2026,4668,INE680Z01018
AVIANSH,SM,115,115,115,115,115,114.05,1000,115000.00,24-Feb-2026,1,INE0TFB01017
AVONMORE,EQ,15.35,15.35,14.84,15.14,15.15,15.08,138450,2086556.10,24-Feb-2026,943,INE323B01024
AVPINFRA,SM,101,101,98.3,98.6,98.5,102.65,28800,2854840.00,24-Feb-2026,32,INE0R9401019
AVROIND,EQ,127.89,127.89,118.2,122.04,123.95,123.56,6554,797555.65,24-Feb-2026,209,INE652Z01017
AVTNPL,EQ,64.23,66.19,64.23,65.37,65.75,65.62,22517,1471559.41,24-Feb-2026,288,INE488D01021
AWFIS,EQ,318,325.15,302.45,304.7,307,318.05,343493,106642030.35,24-Feb-2026,9497,INE108V01019
AWL,EQ,198,198.01,189.82,191.73,192,195.66,2699339,517401707.91,24-Feb-2026,34260,INE699H01024
AXISBANK,EQ,1398,1398,1383.5,1387.6,1386,1386.7,7888492,10959819517.60,24-Feb-2026,190198,INE238A01034
AXISGOLD,EQ,131.01,132.93,131.01,132.48,132.46,131.21,4562745,603821571.22,24-Feb-2026,7487,INF846K01W80
AXISBNKETF,EQ,629.5,632.01,625.33,628.41,628.1,628.75,1286,808901.36,24-Feb-2026,43,INF846K01X63
AXISBPSETF,EQ,12.9,13.24,12.9,13.18,13.16,13.19,1492289,19655897.00,24-Feb-2026,337,INF846K01Z04
AXISCETF,EQ,121.14,121.14,119.1,119.39,119.39,120.54,694,83266.72,24-Feb-2026,23,INF846K016C7
AXISHCETF,EQ,148.63,149.67,148.01,149.18,149.67,148.63,2574,383245.54,24-Feb-2026,78,INF846K01Z12
AXISILVER,EQ,257.07,263.65,257.07,259.75,260.17,259.23,563970,146615486.11,24-Feb-2026,6351,INF846K011K1
AXISNIFTY,EQ,282.43,282.43,279,279.95,280.24,282.43,128632,36059715.78,24-Feb-2026,556,INF846K01W98
AXISTECETF,EQ,354.65,354.65,327.49,330,331,346,10916,3635399.62,24-Feb-2026,491,INF846K01Y96
AXISVALUE,EQ,33.81,34.5,33.77,34.17,34.12,33.8,76895,2609658.18,24-Feb-2026,298,INF846KA1119
AXSENSEX,EQ,84.27,86.85,84.27,84.8,84.73,85.86,3097,263547.46,24-Feb-2026,61,INF846K010Q0
AXISCADES,EQ,1429.9,1474.6,1404.4,1474.6,1474.6,1404.4,210640,308689112.10,24-Feb-2026,7826,INE555B01013
AXITA,BE,9.53,9.55,8.88,9.08,9.11,9.29,367760,3382885.81,24-Feb-2026,1148,INE02EZ01022
AYE,EQ,123,124.29,118.51,119.42,119.6,123.03,816394,97961421.44,24-Feb-2026,9360,INE501X01029
AYMSYNTEX,EQ,211,211,194.34,200.44,204,206.69,80739,16091582.88,24-Feb-2026,11087,INE193B01039
AZAD,EQ,1700,1746,1685,1742.1,1741.1,1706.1,271551,467452746.00,24-Feb-2026,16198,INE02IJ01035
BBTCL,EQ,178.01,180.1,176.53,178.1,178.5,180.65,1263,224954.43,24-Feb-2026,98,INE01EE01011
BAGFILMS,EQ,5.33,5.34,5.13,5.23,5.25,5.33,135322,706375.08,24-Feb-2026,367,INE116D01028
BAGDIGITAL,SM,113,113,112,112,112,115,3200,360000.00,24-Feb-2026,2,INE17CQ01015
BLKASHYAP,EQ,49,49,47.59,48.23,48.06,48.3,359023,17314689.69,24-Feb-2026,2457,INE350H01032
STYLEBAAZA,EQ,335.7,335.7,323.6,326.95,328.1,335.7,289174,95285845.60,24-Feb-2026,4588,INE01FR01028
BAFNAPH,EQ,111,114.79,107.4,109.22,109.2,111.72,1122,125059.06,24-Feb-2026,78,INE878I01022
BAHETI,SM,602.95,605,579,586.3,585,600.15,23250,13732931.25,24-Feb-2026,48,INE029Q01017
BAIDFIN,EQ,11.25,11.25,10.67,11.04,10.98,11.12,113859,1262353.67,24-Feb-2026,335,INE020D01022
BAJAJ-AUTO,EQ,9875,9875,9660,9829,9850,9905.5,259761,2543190055.00,24-Feb-2026,35146,INE917I01010
BAJAJCON,EQ,394,407.7,390.55,402.2,400.8,399.1,1219954,487714662.40,24-Feb-2026,23569,INE933K01021
BAJAJELEC,EQ,379.6,379.65,368,370,369.8,380.05,175602,65044228.10,24-Feb-2026,4909,INE193E01025
BAJFINANCE,EQ,1026.3,1028.75,1010.3,1023.55,1023.5,1031,6610984,6747204735.20,24-Feb-2026,112203,INE296A01032
BAJAJFINSV,EQ,2040,2050,2032.1,2043.3,2045,2051.6,1054129,2152046426.40,24-Feb-2026,41498,INE918I01026
BAJAJHCARE,EQ,348.25,356.9,340.8,341.8,341.3,348.2,80348,27686246.85,24-Feb-2026,1812,INE411U01027
BAJAJHIND,EQ,15.46,15.47,15.08,15.24,15.29,15.46,3767251,57377877.47,24-Feb-2026,7633,INE306A01021
BAJAJHLDNG,EQ,11524,11558,11261,11330,11347,11501,62913,717155812.00,24-Feb-2026,16727,INE118A01012
BAJAJHFL,EQ,87.3,87.58,86.67,87.32,87.5,87.26,3914022,340737811.83,24-Feb-2026,36689,INE377Y01014
BAJEL,EQ,161.99,163,155.8,160.69,160.01,160.05,107201,17046795.46,24-Feb-2026,2195,INE0KQN01018
BALPHARMA,EQ,76.6,79.3,73.31,76.03,74.3,77.59,15609,1190895.83,24-Feb-2026,375,INE083D01012
BALAMINES,EQ,1075.1,1088.8,1066,1082.1,1085,1074.8,64490,69293540.40,24-Feb-2026,5866,INE050E01027
BALAJIPHOS,SM,133,133,130,130,130,133,6000,790000.00,24-Feb-2026,6,INE0PQ601019
BALAJITELE,EQ,98.84,102.72,98.55,101.16,101,100.69,407912,41267394.69,24-Feb-2026,4050,INE794B01026
BALAXI,EQ,20.58,20.58,19.8,20.02,20,20.31,58756,1179042.41,24-Feb-2026,351,INE618N01022
BALKRISIND,EQ,2509,2568.7,2475.2,2518.5,2508,2509,544353,1356316664.10,24-Feb-2026,17919,INE787D01026
BALKRISHNA,EQ,16.7,16.99,15.96,16.13,15.98,16.7,24169,389587.43,24-Feb-2026,159,INE875R01011
BALMLAWRIE,EQ,180.85,181.99,179.03,180.34,180.74,181.65,112122,20202110.04,24-Feb-2026,2611,INE164A01016
BALRAMCHIN,EQ,465,465,453.05,456.95,457.95,464.5,227919,104197738.60,24-Feb-2026,10653,INE119A01028
BALUFORGE,EQ,472.75,475.5,452.5,459.95,461,477.5,653781,302306825.00,24-Feb-2026,11753,INE011E01029
BANARBEADS,EQ,127.6,127.6,121.85,123.27,123.1,125.05,1137,141562.53,24-Feb-2026,200,INE655B01011
BANCOINDIA,EQ,656,661.75,647.55,651.75,653.8,656.95,134120,87567188.50,24-Feb-2026,6412,INE213C01025
BANDHANBNK,EQ,172.95,181.87,172.81,180.55,181.17,173.65,20492056,3656021904.92,24-Feb-2026,87548,INE545U01014
GOLDBND,EQ,161.37,161.37,157.24,158.44,158.1,157.44,48666,7703161.72,24-Feb-2026,710,INF194KB1KJ7
IDFNIFTYET,EQ,281.6,281.6,278.69,279.72,279.83,281.6,1153,322117.56,24-Feb-2026,77,INF194KA1U07
SILVERBND,EQ,262.01,264.57,259.39,263.24,261.98,262.23,103198,27103638.57,24-Feb-2026,2310,INF194KB1KI9
BANG,EQ,43,43.49,41.1,41.89,41.5,42.94,8908,375113.67,24-Feb-2026,158,INE863I01016
BANKBARODA,EQ,312.95,314.2,307,313.1,312.9,313.35,12952576,4033201042.85,24-Feb-2026,77932,INE028A01039
BANKINDIA,EQ,174,178.22,173.02,175.5,175.58,174.13,22315167,3917906794.04,24-Feb-2026,86335,INE084A01016
MAHABANK,EQ,69.64,72.44,69,71.86,72,69.64,48120203,3438906817.48,24-Feb-2026,115082,INE457A01014
BANKA,EQ,59.02,61,58.44,59.52,61,60.39,3003,177105.30,24-Feb-2026,86,INE862Y01015
BASML,EQ,23.64,24.19,23,23.06,23.28,23.72,25646,596800.53,24-Feb-2026,260,INE186H01022
BANARISUG,EQ,3602.7,3621,3590.3,3608.4,3600,3602.7,683,2459277.00,24-Feb-2026,118,INE459A01010
BANSALWIRE,EQ,274.95,275,264.5,269,268.85,270.9,26840,7211815.85,24-Feb-2026,1066,INE0B9K01025
BANSWRAS,EQ,112,112.98,109.6,110.01,110,112.13,10374,1150528.42,24-Feb-2026,323,INE629D01020
BVCL,EQ,43.01,43.47,41.31,42.05,41.8,43.01,16533,696652.60,24-Feb-2026,400,INE139I01011
BARFLEX,SM,60,60.5,58,60.5,60.5,59,10000,596000.00,24-Feb-2026,5,INE0QX401014
BBNPNBETF,EQ,61.61,62.77,61.02,61.12,61.12,61.61,1509,92405.07,24-Feb-2026,50,INF251K01TL6
BBNPPGOLD,EQ,157.05,157.05,152.7,153.55,153.25,152.5,65610,10057666.10,24-Feb-2026,380,INF251K01SU9
ASMS,EQ,10.8,10.9,10.7,10.79,10.8,10.94,861531,9294019.26,24-Feb-2026,2264,INE855F01042
BASF,EQ,3570,3586,3514.5,3530.6,3540,3571.5,13316,47215397.40,24-Feb-2026,3045,INE373A01013
BASILIC,SM,225.05,229,222.25,225.25,225,224.6,12000,2708970.00,24-Feb-2026,34,INE0OCC01013
BATAINDIA,EQ,815,815,795,799.05,799.05,812.35,103364,82807623.75,24-Feb-2026,10551,INE176A01028
BAWEJA,SM,29.6,30.4,29.25,29.75,29.75,28.5,16800,500280.00,24-Feb-2026,19,INE0JFJ01011
BAYERCROP,EQ,4797,4797,4693,4711.3,4717.3,4789,12545,59198065.30,24-Feb-2026,4503,INE462A01022
BCLIND,EQ,28.05,28.33,27.74,28.12,28.2,28.33,365460,10206010.35,24-Feb-2026,1844,INE412G01024
BEACON,ST,82.45,82.45,82.4,82.4,82.4,84.45,3000,247250.00,24-Feb-2026,3,INE639X01027
BEARDSELL,EQ,26.35,27.96,26.35,26.83,27,27.16,5496,146970.54,24-Feb-2026,140,INE520H01022
BEDMUTHA,BE,144,144,137,137.61,137.61,139.05,2209,311894.15,24-Feb-2026,31,INE844K01012
BELLACASA,EQ,283,289.05,271.6,278.7,280.2,287.5,4542,1277354.50,24-Feb-2026,517,INE344T01014
BELRISE,EQ,184.05,184.75,181.8,183.34,184.29,184.63,4273427,783072424.31,24-Feb-2026,21425,INE894V01022
BLAL,EQ,187.29,188.69,186.21,187.22,187,187.47,21013,3929383.06,24-Feb-2026,426,INE0N7W01012
BEML,EQ,1685,1708.3,1671,1697.9,1691.5,1700.3,90821,153364236.10,24-Feb-2026,11601,INE258A01024
BERGEPAINT,EQ,464.8,465.15,459.3,462.7,463.5,464.8,177563,82038827.45,24-Feb-2026,23244,INE463A01038
BESTAGRO,BE,17.6,17.8,17.05,17.28,17.3,17.49,299107,5232526.77,24-Feb-2026,1056,INE052T01021
BETA,EQ,1064,1065.4,1030,1046.5,1048,1063.3,14031,14730903.10,24-Feb-2026,1763,INE351Y01019
BEWLTD,SM,102.95,102.95,97.5,100.4,101.8,99.7,7000,704600.00,24-Feb-2026,13,INE0HQI01014
BFINVEST,EQ,402,404.85,392.65,394.8,398.4,403.45,12127,4817332.45,24-Feb-2026,828,INE878K01010
BFUTILITIE,BZ,504,504,491,497.3,500,507.25,25552,12657351.45,24-Feb-2026,335,INE243D01012
BANKBETF,EQ,62.32,62.32,61.55,61.87,61.89,62.01,15281,946147.24,24-Feb-2026,270,INF0QA701714
LIQUIDBETF,EQ,1070.41,1070.43,1070.41,1070.42,1070.41,1070.29,292193,312769852.99,24-Feb-2026,645,INF0QA701854
NIFTYBETF,EQ,262.12,262.12,259.59,260.27,260.39,262.47,4570,1191538.52,24-Feb-2026,79,INF0QA701722
BGRENERGY,BE,333,339.3,327.5,330.9,332.45,330.75,42904,14273704.60,24-Feb-2026,426,INE661I01014
BHADORA,SM,68,68,68,68,68,71.5,2400,163200.00,24-Feb-2026,2,INE0ZRC01017
BHAGERIA,EQ,158.02,158.23,153.37,156.33,158,157.15,31277,4862673.95,24-Feb-2026,1032,INE354C01027
BHAGCHEM,EQ,203.29,203.29,198.89,200.57,200.79,203.57,64957,13045863.13,24-Feb-2026,1263,INE414D01027
BHAGYANGR,EQ,150.25,154,144.99,147.91,146.61,152.94,158452,23477785.17,24-Feb-2026,2343,INE458B01036
BHANDARI,EQ,3.98,4,3.37,3.57,3.57,3.98,2704058,9695751.50,24-Feb-2026,3202,INE474E01029
BEPL,EQ,82.73,83.52,81.78,82.37,82.6,82.85,212776,17514355.53,24-Feb-2026,2164,INE922A01025
BBL,EQ,2430,2489,2415,2423.1,2418,2434.1,22675,55517174.30,24-Feb-2026,5349,INE464A01036
BHARATCOAL,EQ,32.75,33.74,32.2,32.9,33.01,32.88,14291336,469707718.27,24-Feb-2026,37514,INE05XR01022
BDL,EQ,1269,1269,1236.1,1240.1,1242.5,1275.6,1249133,1557734639.40,24-Feb-2026,38574,INE171Z01026
BEL,EQ,437,437.5,430.35,435.05,435.15,439.75,12223376,5299608512.00,24-Feb-2026,163777,INE263A01024
BHARATFORG,EQ,1834.6,1864.7,1817.8,1858.3,1857.8,1832,1733890,3195832483.80,24-Feb-2026,52647,INE465A01025
BHARATGEAR,EQ,111,111,106.8,108.12,109,110.29,34960,3777851.26,24-Feb-2026,1141,INE561C01019
BPCL,EQ,370,376,369,374.45,374.9,372.1,7718539,2880338164.15,24-Feb-2026,84588,INE029A01011
BHARATRAS,EQ,1589.4,1599,1560,1571.8,1575,1581.5,13566,21365325.70,24-Feb-2026,1771,INE838B01021
BRNL,EQ,19.97,19.97,19.61,19.67,19.67,19.98,25333,499251.62,24-Feb-2026,232,INE727S01012
BHARATSE,EQ,200,205.7,196.11,199.5,200.25,201.53,396545,79534775.09,24-Feb-2026,8057,INE415D01024
BHARATWIRE,EQ,178.49,179.39,174.5,176.13,176.6,179.39,67132,11831038.34,24-Feb-2026,1759,INE316L01019
BHARTIARTL,EQ,1997.3,1997.3,1921.8,1941,1944,1997.3,10006761,19442511897.40,24-Feb-2026,316721,INE397D01024
BHARTIHEXA,EQ,1704.8,1704.8,1650,1653.7,1656,1697.8,53184,88672399.30,24-Feb-2026,8993,INE343G01021
BIL,EQ,866.1,867.4,825.1,830,841,853.3,2596,2167316.15,24-Feb-2026,223,INE828A01016
BHEL,EQ,257,262.5,255,261.8,262.1,258.25,10678349,2761390601.50,24-Feb-2026,48808,INE257A01026
BIGBLOC,EQ,52.15,53.11,50.12,51.06,51.46,52.7,108061,5520535.69,24-Feb-2026,1715,INE412U01025
BIKAJI,EQ,629.35,633.95,626,628.9,628.8,628.8,116134,73124936.00,24-Feb-2026,11379,INE00E101023
BIKEWO,ST,20.3,21,19.9,19.95,19.9,20.9,12000,242500.00,24-Feb-2026,6,INE0SQH01013
BILVYAPAR,BE,6.83,6.99,6.57,6.58,6.8,6.79,15459,103152.23,24-Feb-2026,33,INE071A01013
GROWW,EQ,167,167,161.6,163.11,163.2,167.36,20897409,3413452872.92,24-Feb-2026,93538,INE0HOQ01053
BIOCON,EQ,386.95,392,385.05,390.75,391.5,387.7,2179315,846428912.30,24-Feb-2026,24294,INE376G01013
BIOFILCHEM,EQ,34.12,35.6,33.21,33.83,33.77,33.96,9224,315017.94,24-Feb-2026,250,INE829A01014
BIOPOL,ST,91,94.1,91,94.1,94.1,94.1,3600,332520.00,24-Feb-2026,3,INE0XW001014
BIRLACABLE,EQ,138.52,138.99,134,136.73,136.1,137.84,26067,3565455.35,24-Feb-2026,1243,INE800A01015
BIRLACORPN,EQ,1024,1025.9,990.1,998.7,1000,1024.6,54838,55034035.60,24-Feb-2026,5525,INE340A01012
BIRLANU,EQ,1565,1574.3,1515,1519.4,1519,1566.3,17279,26421070.80,24-Feb-2026,1430,INE557A01011
ABSLBANETF,EQ,62.6,62.69,62.07,62.36,62.43,62.57,54248,3376672.93,24-Feb-2026,360,INF209KB17D5
ABSLLIQUID,EQ,1000.01,1000.01,999.99,1000,1000.01,1000,2568,2567996.51,24-Feb-2026,30,INF209KB18T9
ABSLMSCIN,EQ,30,30.13,30,30.03,30.03,30.24,182,5466.70,24-Feb-2026,5,INF209KC1662
ABSLNN50ET,EQ,72.35,73.45,72.35,72.99,72.94,72.98,3469,252304.32,24-Feb-2026,195,INF209KB16D7
BSLSENETFG,EQ,83.99,86.11,81.77,82.53,84.47,83.32,145810,12077205.35,24-Feb-2026,256,INF209KB10E8
GSEC10ABSL,EQ,110.67,110.67,110.67,110.67,110.67,110.82,20,2213.40,24-Feb-2026,2,INF209KC1142
HEALTHY,EQ,15.37,15.37,14.62,15.04,15.02,15,166949,2506079.48,24-Feb-2026,930,INF209KB10C2
MOMENTUM,EQ,32.22,32.22,31.63,31.95,31.98,32.06,38121,1212863.25,24-Feb-2026,261,INF209KB14K7
NIFTYQLITY,EQ,21.47,21.47,20.84,21,21.14,21.26,154579,3241653.90,24-Feb-2026,812,INF209KB15K4
SILVER,EQ,261,263.98,257.8,261.39,262,260.78,3540467,925366797.53,24-Feb-2026,22882,INF209KB19F6
TECH,EQ,33.49,34,32.35,32.58,32.67,34.17,136745,4490398.85,24-Feb-2026,823,INF209KB11D8
ABSLPSE,EQ,10.74,10.93,10.54,10.78,10.82,10.71,695744,7478678.91,24-Feb-2026,658,INF209KB19Z4
BSOFT,EQ,371.05,376.8,362.15,366.35,368.4,377.75,1452786,534314866.50,24-Feb-2026,39600,INE836A01035
BBOX,EQ,519.95,523,507.2,518.65,518,518.6,475436,245777833.00,24-Feb-2026,15976,INE676A01027
BLACKBUCK,EQ,614.95,614.95,597.9,603.2,603,612.3,421264,254724920.85,24-Feb-2026,25030,INE0UIZ01018
BLBLIMITED,EQ,18.2,19.7,18.2,18.54,18.4,18.84,432957,8135704.96,24-Feb-2026,2433,INE791A01024
BLISSGVS,EQ,225,225.07,205.55,210.58,213.8,225.07,3877033,840857981.84,24-Feb-2026,22867,INE416D01022
BLSE,EQ,162.01,162.61,156.11,158,158,163.81,109237,17355318.66,24-Feb-2026,2430,INE0NLT01010
BLS,EQ,280.45,287.45,274.5,286.15,285.1,281.75,2345350,657347613.40,24-Feb-2026,34639,INE153T01027
BLUECOAST,EQ,25.32,25.32,24.06,24.06,24.06,25.32,11827,286983.51,24-Feb-2026,52,INE472B01011
BLUEDART,EQ,5612,5625,5513.5,5550.5,5570,5612,9401,52181141.00,24-Feb-2026,3511,INE233B01017
BLUEJET,EQ,390.45,417.75,387,409.4,407,391.4,6410900,2598742825.45,24-Feb-2026,93165,INE0KBH01020
BLUEPEBBLE,ST,148.1,149,148.05,149,149,155,2400,356860.00,24-Feb-2026,5,INE0SAK01011
BLUESTARCO,EQ,1960,1968,1933.4,1959.5,1967,1961.8,315256,615208790.10,24-Feb-2026,20987,INE472A01039
BLUEWATER,SM,142.05,145,141.25,145,145,145.6,9000,1293250.00,24-Feb-2026,5,INE0X3M01010
BLUESTONE,EQ,406.35,407.9,400.7,403.45,406,406.35,151860,61258363.65,24-Feb-2026,8418,INE304W01038
BLUSPRING,EQ,57.05,57.3,54.95,55.3,55.58,57.21,138625,7758271.55,24-Feb-2026,1705,INE0U4101014
BMWVENTLTD,EQ,60,61.8,59.4,60.39,60.5,60,508870,31118554.63,24-Feb-2026,2678,INE965W01036
BODALCHEM,EQ,48.4,48.4,46.1,47.01,46.98,47.16,119439,5612702.63,24-Feb-2026,1050,INE338D01028
BTML,EQ,7.15,7.74,7.12,7.53,7.4,7.15,1002516,7444936.24,24-Feb-2026,1184,INE0EEJ01023
BOHRAIND,BE,19.44,19.44,18.03,18.64,18.64,18.97,2681,49638.42,24-Feb-2026,19,INE802W01023
BBTC,EQ,1778,1779.5,1747.9,1766.4,1763,1778.5,27176,47882957.40,24-Feb-2026,2606,INE050A01025
BOMDYEING,EQ,116.13,116.82,113.71,114.87,114.95,116.7,329955,37906683.83,24-Feb-2026,3818,INE032A01023
BMETRICS,SM,35.75,38.7,35.75,38.7,38.7,36.5,2400,90240.00,24-Feb-2026,3,INE0I3Y01014
BSHSL,EQ,91.4,91.84,89.5,90.95,91.84,91.19,12289,1111746.57,24-Feb-2026,264,INE032Z01020
704REC28,N4,1180,1180,1180,1180,1180,1180,45,53100.00,24-Feb-2026,4,INE020B07GZ9
810IRFC27,N2,1051,1051,1050.02,1051,1051,1051,705,740422.50,24-Feb-2026,4,INE053F07538
830NHAI27,N2,1055,1056.95,1053.91,1053.91,1053.91,1053.4,600,632587.60,24-Feb-2026,3,INE906B07CB9
865IRFC29,NA,1165,1165,1165,1165,1165,1170,1,1165.00,24-Feb-2026,1,INE053F07686
871REC28,N9,1094.86,1094.86,1090,1091.48,1091.05,1091.11,1120,1222119.57,24-Feb-2026,12,INE020B07HS2
888IRFC29,NE,1170,1190,1170,1190,1190,1185,1813,2135245.05,24-Feb-2026,16,INE053F07744
901NHB34,N6,6190,6210,6170,6191.5,6191.5,6209,216,1334219.50,24-Feb-2026,27,INE557F07132
888REC29,NF,1149.98,1149.98,1149.98,1149.98,1149.98,1147,1,1149.98,24-Feb-2026,1,INE020B07IG5
BONLON,BE,47.84,47.84,44.46,45,45,45.68,2777,127464.37,24-Feb-2026,50,INE0B9A01018
BORANA,BE,405,405,391,399.75,400,399.2,94419,37929141.65,24-Feb-2026,758,INE16SF01016
BOROLTD,EQ,246,250.15,243,245.45,246.95,249.5,63841,15693904.65,24-Feb-2026,1651,INE02PY01013
BORORENEW,EQ,474.25,474.25,455.35,464.55,465,472,299704,138704457.50,24-Feb-2026,10369,INE666D01022
BOROSCI,EQ,109,110.5,104.75,105.27,105.1,110.17,83967,8979713.25,24-Feb-2026,1380,INE02L001032
BOSCH-HCIL,EQ,1365,1390,1338.1,1378,1379,1362.1,7249,9937609.40,24-Feb-2026,1000,INE782A01015
BOSCHLTD,EQ,35320,35490,34855,35330,35380,35340,11570,406294535.00,24-Feb-2026,5538,INE323A01026
BOSS,SM,44.6,44.6,44.6,44.6,44.6,45,2000,89200.00,24-Feb-2026,1,INE0QNI01012
BPL,EQ,54.3,55.77,52.85,53.56,53.79,55.51,75525,4092672.51,24-Feb-2026,799,INE110A01019
BRACEPORT,SM,76,76,76,76,76,78,3200,243200.00,24-Feb-2026,2,INE0R4Z01018
FIRSTCRY,EQ,215.65,218.6,210.45,212.65,213.25,218.05,2150854,460121862.55,24-Feb-2026,35811,INE02RE01045
BCONCEPTS,EQ,267,267,255.15,259.95,260,267.95,5324,1385750.40,24-Feb-2026,399,INE977Y01011
BRANDMAN,ST,220,220,213.65,213.65,213.65,224.85,84800,18232760.00,24-Feb-2026,60,INE0XUD01014
BRIGADE,EQ,744.6,753.25,727.25,729.85,730,748.35,198918,146341298.10,24-Feb-2026,13909,INE791I01019
BRIGHOTEL,EQ,61.5,62.5,60.75,61.47,61.79,61.74,251249,15459747.20,24-Feb-2026,4284,INE03NU01014
BCG,BE,11.21,11.5,11,11,11,11.57,3068557,33942787.79,24-Feb-2026,4873,INE425B01027
BRITANNIA,EQ,6083,6173.5,6065.5,6162.5,6170,6122.5,193510,1188346987.00,24-Feb-2026,26761,INE216A01030
BIRET,RR,353,353.8,350.11,352.19,352.4,352.53,252403,88897754.85,24-Feb-2026,10452,INE0FDU25010
BROOKS,EQ,71.89,74.95,70.16,70.97,71,72.97,22309,1587704.05,24-Feb-2026,390,INE650L01011
BSE,EQ,2725,2765,2702,2751.1,2757,2725.3,3371818,9216070573.60,24-Feb-2026,112363,INE118H01025
BSL,EQ,134.8,134.8,130.07,131.01,131.81,130.56,2102,275496.42,24-Feb-2026,69,INE594B01012
BUTTERFLY,EQ,600.95,606.45,585.55,600.5,600,599.75,3275,1967648.95,24-Feb-2026,257,INE295F01017
BULKCORP,SM,53.1,54.4,53.1,54.4,54.4,53.1,2400,129000.00,24-Feb-2026,2,INE0SZ301012
CKKRETAIL,ST,204.2,204.2,204.2,204.2,204.2,214.9,33600,6861120.00,24-Feb-2026,14,INE0SMX01019
CPS,ST,1201.8,1201.8,1201.75,1201.75,1201.75,1265,3000,3605257.50,24-Feb-2026,7,INE0QBU01012
MAPMYINDIA,EQ,1107,1107,1066.5,1075.4,1075,1114.1,167425,180542795.40,24-Feb-2026,13476,INE0BV301023
C2C,SM,360.25,369,351.3,355.9,355,366.15,29400,10489905.00,24-Feb-2026,178,INE0U7V01015
CALSOFT,EQ,13.6,14.25,13.6,13.65,13.62,13.98,9014,123383.75,24-Feb-2026,102,INE526B01014
CTE,EQ,32.32,32.54,30.01,30.75,30.34,32.32,21009,661377.92,24-Feb-2026,264,INE627H01017
CAMLINFINE,EQ,140,141.5,138.1,140.39,140.5,142.2,544333,76248454.49,24-Feb-2026,4154,INE052I01032
CAMPUS,EQ,267.85,268.8,261,262.65,263.8,269.15,191615,50445274.55,24-Feb-2026,6574,INE278Y01022
CANFINHOME,EQ,900,901.95,880.35,883.8,886,907.45,101943,90276052.50,24-Feb-2026,9230,INE477A01020
CANBK,EQ,155.95,158.1,155,157.03,157.11,156.44,27666076,4331947723.67,24-Feb-2026,122167,INE476A01022
CANHLIFE,EQ,147.76,150.79,146.35,149.64,148.12,147.76,604954,90338505.99,24-Feb-2026,16361,INE01TY01017
CRAMC,EQ,257.5,258.95,253.3,254.8,255,258.3,259005,66249173.35,24-Feb-2026,8143,INE218I01013
CANARYS,SM,26,26.2,25.7,26,26,26.15,72000,1870800.00,24-Feb-2026,16,INE0QG301017
CANTABIL,EQ,277,279,272.65,275.6,276.4,277.4,109661,30208412.45,24-Feb-2026,2195,INE068L01024
CAPACITE,EQ,243.99,244.8,237.21,242.13,243.4,243.77,258564,62116831.07,24-Feb-2026,5565,INE264T01014
CAPILLARY,EQ,528.15,528.15,504,511.75,512.8,525.55,91140,46605118.65,24-Feb-2026,3196,INE0ILV01024
CIFL,EQ,31.6,31.73,30.82,31.34,31.54,31.46,25939,807136.85,24-Feb-2026,227,INE345H01024
CAPINVIT,IV,71,71.14,70.5,70.79,70.8,70.99,393850,27935910.26,24-Feb-2026,4434,INE0Z8Z23013
CAPITALSFB,EQ,264.45,264.45,262,262.4,262,263.15,9002,2363796.55,24-Feb-2026,278,INE646H01017
CAPTRUST,EQ,13.82,13.82,12.85,13.07,13,13.33,34821,458467.36,24-Feb-2026,164,INE707C01018
CAPLIPOINT,EQ,1729,1729.5,1695,1712.6,1713.8,1729.5,59587,101780056.10,24-Feb-2026,7823,INE475E01026
CGCL,EQ,171.67,172.07,166.82,167.63,168.5,172.53,782464,131929517.09,24-Feb-2026,11282,INE180C01042
CARBORUNIV,EQ,846.55,846.6,830,842.1,842.4,849.75,89714,75493149.55,24-Feb-2026,5672,INE120A01034
CARERATING,EQ,1581.8,1605.8,1557.6,1601.4,1601.1,1585.2,45240,71904841.10,24-Feb-2026,7638,INE752H01013
CPEDU,EQ,211.1,220.48,209.17,215.41,212.1,215.2,17538,3785796.37,24-Feb-2026,1036,INE0P6P01016
CARRARO,EQ,534.35,534.35,512.85,517.45,517.75,531.65,51519,26848785.00,24-Feb-2026,3019,INE0V7W01012
CARTRADE,EQ,2000.8,2000.8,1748.5,1778.4,1775,2000.8,1106227,2026476432.00,24-Feb-2026,82327,INE290S01011
CARYSIL,EQ,926,926,905.7,918.2,918,931.5,82704,75447154.05,24-Feb-2026,3707,INE482D01024
CUDML,SM,111.1,111.1,111.1,111.1,111.1,112.6,1000,111100.00,24-Feb-2026,1,INE0WL201014
CASTROLIND,EQ,187.3,187.4,186.05,186.94,187.13,187.3,1100461,205437102.46,24-Feb-2026,15407,INE172A01027
CCL,EQ,1025,1065.85,1020.5,1061.75,1060,1033.1,633012,665652998.90,24-Feb-2026,26452,INE421D01022
CEATLTD,EQ,3770,3781.4,3680.3,3723.1,3750,3770.1,63274,235256166.80,24-Feb-2026,10286,INE482A01020
CEDAAR,SM,30.95,30.95,28.35,28.35,28.35,31.5,39000,1113000.00,24-Feb-2026,33,INE11J101017
CEIGALL,EQ,284,288.7,280.05,286.35,286.1,286.75,167386,47776326.85,24-Feb-2026,4556,INE0AG901020
CEINSYS,EQ,985.1,993.3,949.2,953.5,951.3,988.5,41822,40397749.00,24-Feb-2026,2842,INE016Q01014
CELEBRITY,EQ,7.7,8.05,7.6,7.88,7.9,7.73,14105,110393.33,24-Feb-2026,136,INE185H01016
CELLPOINT,SM,15.3,15.75,15.25,15.75,15.75,15.35,4800,73920.00,24-Feb-2026,3,INE0O0001013
CELLECOR,SM,26.15,27.5,25.95,26.8,26.75,26.35,462000,12376950.00,24-Feb-2026,106,INE0OMO01025
CELLO,EQ,435.5,435.5,427.05,427.9,428,437.75,213102,91572712.25,24-Feb-2026,17419,INE0LMW01024
CEMPRO,EQ,600.25,615,588.6,591.2,591,604.65,229927,136884007.90,24-Feb-2026,11427,INE686A01026
CENTRALBK,EQ,38.5,40.2,38.2,39.39,39.52,38.51,32680044,1289685252.63,24-Feb-2026,55992,INE483A01010
CDSL,EQ,1325.9,1342,1318.4,1324.8,1328.2,1334.3,1312682,1743219224.30,24-Feb-2026,34196,INE736A01011
CENTRUM,EQ,24.8,24.8,23.71,24.32,24.55,24.47,182628,4424343.62,24-Feb-2026,831,INE660C01027
CENTUM,EQ,2623.2,2849,2572.3,2780.2,2810,2673.2,211071,577076791.10,24-Feb-2026,22687,INE320B01020
CENTENKA,EQ,441.2,441.2,429.5,432.6,432.15,439,14697,6368501.15,24-Feb-2026,596,INE485A01015
CENTEXT,EQ,20.53,20.63,20,20.09,20,20.54,80004,1621025.20,24-Feb-2026,486,INE281A01026
CENTURYPLY,EQ,748,757.85,740,754.75,757,748.15,19623,14699335.45,24-Feb-2026,5015,INE348B01021
CERA,EQ,5080,5085.3,4986,4994.5,4990,5091.7,11964,60061640.30,24-Feb-2026,3744,INE739E01017
CEREBRAINT,BZ,4.98,5.2,4.77,4.84,5.05,5.01,174995,862560.39,24-Feb-2026,172,INE345B01019
CESC,EQ,154.7,156.74,154.3,155.72,156.25,155.72,918727,142555326.83,24-Feb-2026,23483,INE486A01021
CGPOWER,EQ,713,727,713,724.5,722.8,720.5,1900203,1365551693.90,24-Feb-2026,45705,INE067A01029
CHALET,EQ,862.5,867,842,843.75,845,862.5,57727,48978813.40,24-Feb-2026,7570,INE427F01016
CLSEL,EQ,277.02,278.93,270.07,271.16,271.8,279.81,73533,20146092.16,24-Feb-2026,2581,INE419D01026
CMNL,SM,107.1,110,105.55,105.9,105.55,107.1,9750,1062975.00,24-Feb-2026,13,INE06PV01010
CHAMBLFERT,EQ,452.2,459,452.2,458,458.9,454.75,529910,241618987.45,24-Feb-2026,18530,INE085A01013
CHAMUNDA,SM,53.95,53.95,51,51,51,50.15,6000,314850.00,24-Feb-2026,2,INE11HG01018
CHANDAN,SM,263,269.8,262,268.95,268.95,268,21600,5736880.00,24-Feb-2026,25,INE0B2N01016
CHAVDA,SM,108.95,108.95,105,105.4,105.05,109.3,10000,1057400.00,24-Feb-2026,9,INE0PT101017
CHEMBONDCH,EQ,148.6,151.82,145.01,148.04,147.8,152.31,5816,865615.33,24-Feb-2026,300,INE0TGX01019
CHEMBOND,EQ,147.5,149,140.16,142.02,142.89,144.42,6955,999407.94,24-Feb-2026,287,INE995D01025
CHEMCON,EQ,168.1,168.98,163,163.68,164,167.19,27157,4486304.37,24-Feb-2026,1205,INE03YM01018
CHEMFAB,EQ,388.6,400,380,390.6,400,386.55,6586,2540013.80,24-Feb-2026,840,INE783X01023
CHEMPLASTS,EQ,274.6,274.6,259.1,262.4,261,272.4,137014,36302675.65,24-Feb-2026,5126,INE488A01050
CHENNPETRO,EQ,882,920,881.6,916.6,918,884.15,1892411,1717495514.15,24-Feb-2026,54263,INE178A01016
CHETANA,SM,45,45.2,45,45.2,45.2,45,49600,2232320.00,24-Feb-2026,5,INE0U1T01012
CHEVIOT,EQ,1071.7,1080.7,1065.3,1074.3,1076.5,1080.7,727,781004.70,24-Feb-2026,159,INE974B01016
CHOICEIN,EQ,768,770,757.2,760.65,760,766.65,255005,194569004.50,24-Feb-2026,6526,INE102B01014
CHOICEGOLD,EQ,156.35,158.65,156.35,157.25,157.5,156.35,16952,2666450.56,24-Feb-2026,601,INF2KCX01012
CHOLAHLDNG,EQ,1680.8,1680.9,1635,1662.3,1679.9,1680.8,65560,108449800.20,24-Feb-2026,12041,INE149A01033
CHOLAFIN,EQ,1686.3,1740,1663.4,1735.1,1738,1689.8,2032442,3443371378.50,24-Feb-2026,104614,INE121A01024
CIEINDIA,EQ,492.5,500.45,484.5,495.6,495,493.8,519657,256020981.10,24-Feb-2026,19849,INE536H01010
CIGNITITEC,EQ,1267.9,1267.9,1185,1201.7,1210,1272.9,165245,199191049.40,24-Feb-2026,8562,INE675C01017
CINELINE,EQ,82.27,92,82.27,87.19,88.06,82.26,61026,5339800.06,24-Feb-2026,661,INE704H01022
CINEVISTA,EQ,16.24,16.4,15.35,15.63,15.95,15.94,18048,289343.17,24-Feb-2026,112,INE039B01026
CIPLA,EQ,1326,1338.5,1316.5,1326.7,1330.1,1326.5,2109672,2798615050.70,24-Feb-2026,65981,INE059A01026
CUB,EQ,291.1,291.3,284.55,288.85,287.7,291.05,1316197,378541123.95,24-Feb-2026,19773,INE491A01021
CLEDUCATE,EQ,46.11,47,44.9,45.1,45.24,47.33,300300,13595249.54,24-Feb-2026,1072,INE201M01029
CLASSICEIL,SM,48.25,48.45,47,48.45,48.45,49.05,22400,1070720.00,24-Feb-2026,12,INE0UQ601012
CLEAN,EQ,725.15,729.2,716,725.7,726.75,728.55,189073,136889087.85,24-Feb-2026,10842,INE227W01023
CSSL,SM,130.5,131,128.1,128.1,128.1,132.5,27000,3471900.00,24-Feb-2026,22,INE1EF801010
CMSINFO,EQ,314.65,315.3,307.05,310.2,310,314.85,629333,194990409.35,24-Feb-2026,23449,INE925R01014
COALINDIA,EQ,424,432,422.1,430.95,431.45,426,8950772,3828476960.65,24-Feb-2026,95225,INE522F01014
COASTCORP,BE,47.06,48.4,45,46.47,46.64,47.06,34531,1600374.15,24-Feb-2026,196,INE377E01024
COCHINSHIP,EQ,1501.8,1501.8,1478.2,1489.9,1495,1501.8,354359,527543640.80,24-Feb-2026,20697,INE704P01025
COFFEEDAY,EQ,31.65,32,31.18,31.32,31.25,31.64,589921,18601081.81,24-Feb-2026,2723,INE335K01011
COFORGE,EQ,1278,1282.2,1198.9,1212.2,1221.5,1289,10454471,12771852368.90,24-Feb-2026,227484,INE591G01025
COHANCE,EQ,315.15,315.15,304.15,309.55,310.2,314.1,806385,248592481.30,24-Feb-2026,18255,INE03QK01018
COLPAL,EQ,2199.9,2240,2185.7,2236.3,2239.9,2196,444579,985637270.50,24-Feb-2026,31753,INE259A01022
COMSYN,EQ,192.8,199.9,188.21,190.58,193.45,192.59,171126,33426788.00,24-Feb-2026,2318,INE073V01015
COMMITTED,SM,203.9,211.75,203.9,211.75,211.75,201.7,21600,4561200.00,24-Feb-2026,25,INE597Z01014
COMPINFO,BZ,1.4,1.47,1.36,1.4,1.41,1.4,39825,56640.17,24-Feb-2026,74,INE070C01037
COMPUSOFT,EQ,13.77,14.98,13.77,14.34,14.45,14.22,33432,474001.43,24-Feb-2026,241,INE453B01029
CAMS,EQ,714,717.15,703,709.2,713,718,624360,442577554.65,24-Feb-2026,18496,INE596I01020
CONCORDBIO,EQ,1090,1098.3,1068.6,1076.1,1073.1,1099.3,56100,60558364.00,24-Feb-2026,6354,INE338H01029
CEWATER,EQ,324.8,333.3,317.1,323.4,326,320.7,72743,23524029.40,24-Feb-2026,3099,INE037Z01029
CONFIPET,EQ,31.65,31.84,31.02,31.54,31.7,31.77,294978,9274817.50,24-Feb-2026,2093,INE552D01024
CONNPLEX,SM,229,235.5,225.15,233.2,233.2,233.35,20800,4803560.00,24-Feb-2026,22,INE0EAS01014
CCCL,EQ,16.43,16.5,16.11,16.21,16.44,16.44,239095,3888591.84,24-Feb-2026,668,INE429I01024
CONSOFINVT,BE,230.01,242.5,228.02,240.02,240,240,87821,21076096.71,24-Feb-2026,178,INE025A01027
CONCOR,EQ,507.05,507.2,498.8,505.5,506,507.05,907856,456528761.15,24-Feb-2026,20702,INE111A01025
CONTI,SM,15.95,15.95,15.95,15.95,15.95,16.75,3333,53161.35,24-Feb-2026,1,INE340Z01019
CONTROLPR,EQ,667,675,645,656.75,675,667,15227,9947428.55,24-Feb-2026,1668,INE663B01015
COOLCAPS,SM,32.25,34.6,32.25,32.8,32.6,33.75,251250,8369375.00,24-Feb-2026,138,INE0HS001028
CORALFINAC,EQ,33.83,34.98,33.5,33.78,33.75,33.83,18313,622155.92,24-Feb-2026,214,INE558D01021
CORDSCABLE,EQ,166.25,172.6,166.25,168.23,172.6,168.99,10841,1819842.40,24-Feb-2026,421,INE792I01017
COROMANDEL,EQ,2280.1,2295.8,2260.2,2280.3,2275.5,2292,103919,237026580.40,24-Feb-2026,15928,INE169A01031
CORONA,EQ,1574.1,1619.5,1570.3,1594.7,1596.5,1574.8,30560,48743296.80,24-Feb-2026,5166,INE02ZQ01018
COSMOFIRST,EQ,664.6,666.15,646.1,653.1,649,664.55,32721,21413277.20,24-Feb-2026,1992,INE757A01017
CCHHL,EQ,13.47,13.98,13.41,13.82,13.98,13.55,18309,250408.27,24-Feb-2026,141,INE652F01027
COUNCODOS,EQ,5.52,5.65,5.21,5.3,5.3,5.42,18136,96170.74,24-Feb-2026,198,INE695B01025
CPCAP,EQ,95.9,96.49,91,91.21,91.02,94.76,11149,1034289.76,24-Feb-2026,222,INE521J01018
CPSEETF,EQ,101.95,102.91,101.32,102.67,102.89,101.94,5991380,610917049.43,24-Feb-2026,17170,INF457M01133
CRAFTSMAN,EQ,7959,7984,7842,7876.5,7865,8009,18752,147853552.50,24-Feb-2026,7949,INE00LO01017
CRAYONS,SM,38.2,39.95,38.2,39.45,39.95,39.95,4000,156550.00,24-Feb-2026,4,INE0OFK01019
CREATIVEYE,EQ,6.7,6.97,6.57,6.85,6.97,6.7,9147,62037.24,24-Feb-2026,65,INE230B01021
CGRAPHICS,SM,154,154,140,145.9,146,155,94400,13683360.00,24-Feb-2026,113,INE0R7401011
CNL,EQ,676,676,645.05,646.8,645.5,656.9,2784,1811907.55,24-Feb-2026,223,INE985W01018
CREDITACC,EQ,1285,1295,1275.7,1279.3,1280.9,1294.3,147554,189348173.80,24-Feb-2026,14574,INE741K01010
MUFTI,EQ,85.8,85.91,84.02,84.85,85.3,86.13,104323,8858099.32,24-Feb-2026,2055,INE220Q01020
CREST,EQ,336.6,338.45,328.45,335.35,336.6,342,14024,4672989.20,24-Feb-2026,445,INE559D01011
CRISIL,EQ,4600,4600,4451,4508,4514.9,4606.4,45291,203394161.70,24-Feb-2026,9651,INE007A01025
CRIZAC,EQ,234.95,234.95,222,223.55,224.85,232.45,163940,36906963.10,24-Feb-2026,5842,INE0S4R01014
CROMPTON,EQ,263.6,264.91,259.11,262.43,262,265.46,1381957,361906400.62,24-Feb-2026,27469,INE299U01018
CLSL,SM,48,48,46.5,46.5,46.5,48.55,12000,573000.00,24-Feb-2026,2,INE00NH01017
CROWN,EQ,127.7,129,123.01,125.62,128.9,125.92,7828,978581.80,24-Feb-2026,184,INE491V01019
CSBBANK,EQ,380.85,392.7,375,390.6,390,379.65,429504,164824231.75,24-Feb-2026,12367,INE679A01013
CSLFINANCE,EQ,263.7,265.75,259.85,261.9,261,261.1,18654,4894270.30,24-Feb-2026,712,INE718F01018
CUBEXTUB,EQ,105.51,110.7,105.5,107.39,107.5,105.89,133503,14289740.07,24-Feb-2026,2289,INE144D01012
CUMMINSIND,EQ,4860,4941.9,4830.2,4910.4,4915,4884.3,672139,3292209719.00,24-Feb-2026,70931,INE298A01020
CUPID,EQ,422.1,424,415.1,416.9,417.95,422.85,1857278,777326451.70,24-Feb-2026,21341,INE509F01029
CURAA,BE,82.32,85.6,82.32,84.76,84.76,84,71,5994.82,24-Feb-2026,5,INE117B01020
CURIS,SM,95.8,95.8,95.8,95.8,95.8,96.65,1000,95800.00,24-Feb-2026,1,INE1BZN01016
CURRENT,SM,129.95,129.95,120,125.3,125.3,120.05,9600,1192000.00,24-Feb-2026,6,INE1CRQ01014
CYBERMEDIA,EQ,14.65,15.36,14.65,14.83,14.66,14.93,4418,65765.96,24-Feb-2026,63,INE278G01037
CMRSL,SM,64.2,67.4,61.8,66.95,66.95,64.2,8000,522160.00,24-Feb-2026,10,INE075Z01011
CYBERTECH,EQ,120.79,120.79,114.52,115.26,115.75,118.39,54587,6371776.76,24-Feb-2026,1368,INE214A01019
CYIENTDLM,EQ,322.15,325.35,316.05,319,320,326.6,177662,56732599.75,24-Feb-2026,6670,INE055S01018
CYIENT,EQ,979.8,980,944.5,950.1,950.8,982,401287,383097860.10,24-Feb-2026,26469,INE136B01020
DPWIRES,EQ,158.02,160.26,153.6,154.1,153.64,158.02,13623,2107960.68,24-Feb-2026,582,INE864X01013
DLINKINDIA,EQ,407,409.95,401.45,407.9,409,409.15,36862,14944060.65,24-Feb-2026,1370,INE250K01012
DPABHUSHAN,EQ,1229.8,1229.8,1200,1209.5,1200,1236,12248,14846330.70,24-Feb-2026,661,INE266Y01019
DBCORP,EQ,223.02,224.55,218,219.71,222,226.14,38914,8592265.98,24-Feb-2026,2356,INE950I01011
DABUR,EQ,514.45,519.75,512.75,518.05,517.1,514.35,1517098,782462880.65,24-Feb-2026,25535,INE016A01026
DALBHARAT,EQ,2082,2088.8,2049,2069.4,2076.4,2090.8,101910,210741234.20,24-Feb-2026,13908,INE00R701025
DALMIASUG,EQ,288.95,288.95,280.2,282.35,280.7,282.55,28142,7934687.55,24-Feb-2026,955,INE495A01022
DAMCAPITAL,EQ,160.5,160.51,156.59,157.16,157.55,160.6,338824,53631094.66,24-Feb-2026,5771,INE284H01025
DAMODARIND,EQ,25.94,25.94,24.68,24.81,25.48,25.13,3326,83714.44,24-Feb-2026,185,INE497D01022
DANGEE,EQ,3.12,3.2,3.03,3.04,3.16,3.12,132356,409171.30,24-Feb-2026,193,INE688Y01022
DANISH,SM,704.7,719.65,690,697.75,702,702.85,34200,24094710.00,24-Feb-2026,153,INE0YU901016
DATAPATTNS,EQ,3056,3129,3026.5,3097.7,3103,3061.4,865752,2674372665.70,24-Feb-2026,50772,INE0IX101010
DATAMATICS,EQ,820.95,820.95,793,797.8,798,828.95,219780,175862942.60,24-Feb-2026,8279,INE365B01017
DAVANGERE,EQ,4.3,4.34,4.2,4.29,4.28,4.29,9576805,40793319.77,24-Feb-2026,1854,INE179G01029
DBSTOCKBRO,EQ,25.25,25.69,25,25.46,25.64,25.54,18751,477023.30,24-Feb-2026,130,INE921B01025
DCI,EQ,265.38,278.21,256,260.95,260,272.73,17596,4692879.33,24-Feb-2026,747,INE0A1101019
DCBBANK,EQ,190,190.9,185.7,187.45,187.78,190.19,2024692,379464904.57,24-Feb-2026,28041,INE503A01015
DCMFINSERV,EQ,4.61,4.7,4.18,4.48,4.65,4.59,20281,91227.85,24-Feb-2026,76,INE891B01012
DCM,EQ,81.01,82,80.51,80.95,81.25,81.32,4915,398389.20,24-Feb-2026,92,INE498A01018
DCMNVL,EQ,140,140,134,136.73,137.9,137.09,2368,322497.85,24-Feb-2026,87,INE08KP01019
DSFCL,BE,37.25,38,37.21,37.21,37.21,39.16,42344,1575927.41,24-Feb-2026,393,INE0OFM01015
DCMSRIND,EQ,37.5,37.5,34.57,35,35.05,36.08,151231,5323547.56,24-Feb-2026,1493,INE843D01027
DCMSIL,BE,63.45,66.45,60.28,60.28,60.28,63.45,123755,7622451.95,24-Feb-2026,676,INE0OU201013
DCMSHRIRAM,EQ,1092.8,1092.8,1064,1083.1,1087.5,1093.6,28493,30726510.10,24-Feb-2026,3886,INE499A01024
DCW,EQ,51.7,51.7,48.23,48.72,48.85,52.17,1392691,68925080.45,24-Feb-2026,5714,INE500A01029
DCXINDIA,EQ,175.5,175.5,170.65,171.51,172.75,176.34,240006,41358505.81,24-Feb-2026,4062,INE0KL801015
DDEVPLSTIK,EQ,279.9,280.3,274,276.75,277,278.85,58028,16071747.65,24-Feb-2026,2372,INE0HR601026
DENEERS,ST,163,164.5,158,158.05,158.05,160,34800,5574480.00,24-Feb-2026,54,INE0JWV01011
DENORA,EQ,619.6,649.95,609.6,642.65,649.95,618.6,12688,7980383.55,24-Feb-2026,933,INE244A01016
DECCANCE,EQ,697.8,720,690.05,709.7,710,689.55,30368,21514163.05,24-Feb-2026,1972,INE583C01021
DEEDEV,EQ,276.01,302.8,261.12,281,290.3,256.52,61828111,16875926498.41,24-Feb-2026,404218,INE841L01016
DEEM,SM,38.25,38.6,37,37.3,37,38.3,9000,339800.00,24-Feb-2026,7,INE586O01011
DEEPINDS,EQ,370,370,354.35,358.5,362,367,93526,33634465.95,24-Feb-2026,3795,INE0FHS01024
DBEIL,EQ,83.02,83.9,80.36,81.75,81.1,83.9,37589,3075528.71,24-Feb-2026,862,INE0OPA01019
DEEPAKFERT,EQ,1000,1003,976.2,994.2,995.9,1000,133527,131863262.80,24-Feb-2026,11277,INE501A01019
DEEPAKNTR,EQ,1613,1613.1,1580.4,1588.4,1594.4,1616.6,63380,100837472.10,24-Feb-2026,9535,INE288B01029
DELAPLEX,SM,109,109.95,108,109,109,106.05,4200,459330.00,24-Feb-2026,7,INE0SK801018
DELHIVERY,EQ,433.95,439.75,427.6,436.75,438.8,433.95,2675306,1159959994.35,24-Feb-2026,31489,INE148O01028
DELPHIFX,EQ,12.83,13.5,12.8,13.02,13.25,12.84,2002869,26641256.07,24-Feb-2026,2903,INE726L01027
DELTIC,SM,39.35,39.35,38.9,38.9,38.9,39.15,3000,117550.00,24-Feb-2026,3,INE0XRN01019
DELTACORP,EQ,64.77,64.77,61.82,61.98,62,64.6,1655246,103855999.65,24-Feb-2026,10476,INE124G01033
DELTAMAGNT,EQ,60.51,61.99,60,61.47,61.5,61.14,991,60538.11,24-Feb-2026,35,INE393A01011
DEN,EQ,28.35,28.6,27.9,28.22,28.54,28.41,197754,5578931.21,24-Feb-2026,1409,INE947J01015
DENTA,EQ,251.75,254,244.8,251.2,252,251.75,112946,27995216.75,24-Feb-2026,3222,INE0R4L01018
DESTINY,SM,125.6,125.6,125.6,125.6,125.6,121,1500,188400.00,24-Feb-2026,1,INE0IGO01011
DEVX,EQ,42.5,42.99,41.53,42.37,42.69,42.36,92596,3907356.01,24-Feb-2026,511,INE0VOV01021
DEVIT,EQ,25.23,25.23,23.66,23.8,24,25.23,94346,2289452.83,24-Feb-2026,921,INE060X01034
DEVYANI,EQ,133,133,128.7,129.48,129.7,133.13,1195634,155509045.78,24-Feb-2026,16088,INE872J01023
DBOL,EQ,105.88,109.4,100.2,101.29,102.8,105.19,193022,19920448.06,24-Feb-2026,3062,INE0I3401014
DHAMPURSUG,EQ,115.43,115.43,111.01,113.79,114.4,115.44,156764,17722691.04,24-Feb-2026,2536,INE041A01016
DHANBANK,EQ,23.71,24,23.65,23.74,23.79,23.87,425315,10129636.13,24-Feb-2026,1980,INE680A01011
DHANLAXMI,SM,25.4,28,25.3,28,28,25.4,54000,1388800.00,24-Feb-2026,12,INE0V9V01010
DHANUKA,EQ,1100.1,1100.1,1076,1092.2,1099.7,1101.7,24019,26171991.70,24-Feb-2026,2955,INE435G01025
DIRL,SM,13.35,14,13.35,14,14,14.05,144000,2012100.00,24-Feb-2026,3,INE704V01015
DHARARAIL,SM,123.4,124,122,122,122,121.65,13000,1594900.00,24-Feb-2026,13,INE2HJL01019
DHARAN,BZ,0.16,0.16,0.14,0.15,0.16,0.15,43987761,6643809.47,24-Feb-2026,4959,INE278R01034
DHARIWAL,ST,76.4,76.4,76.4,76.4,76.4,74.95,27000,2062800.00,24-Feb-2026,3,INE0YRN01025
DHARMAJ,EQ,232.03,238.99,232.03,234.9,235.01,234.89,33986,8004413.33,24-Feb-2026,815,INE00OQ01016
DHRUV,EQ,28.29,28.29,26.31,26.98,27.25,26.9,48834,1324670.33,24-Feb-2026,398,INE506Z01015
DHUNINV,EQ,1005,1005,970,981.3,993,972.9,970,953861.60,24-Feb-2026,84,INE320L01011
DTIL,EQ,142.9,142.9,137.55,140.96,141.99,139.27,2834,397190.14,24-Feb-2026,94,INE341R01014
DVL,EQ,254.4,257.9,253.25,254.5,254.4,252.9,18359,4680744.10,24-Feb-2026,670,INE477B01010
DIAMINESQ,EQ,232.95,236.95,232,235.1,235.05,235.9,3106,730041.10,24-Feb-2026,83,INE591D01014
DIACABS,EQ,133,134.54,127.93,132.48,132,134.84,1580165,207292395.46,24-Feb-2026,9067,INE989C01038
DICIND,EQ,565,565,534,541.05,539.05,565,3203,1769214.80,24-Feb-2026,153,INE303A01010
DTL,SM,115,115,108.4,108.4,108.4,120,10800,1197660.00,24-Feb-2026,9,INE0JRD01019
DIFFNKG,EQ,267,275.8,263.5,269.75,272,268.94,48598,12970933.44,24-Feb-2026,1091,INE184O01015
DGCONTENT,EQ,27.92,27.92,25.75,27.7,27.89,28.5,25122,672745.00,24-Feb-2026,240,INE03JI01017
DIGIDRIVE,EQ,21.05,22.55,20.3,22.03,21.1,21.48,12492,265870.47,24-Feb-2026,188,INE0PSC01024
DIGIKORE,SM,80.8,83.8,77.25,82.1,81.1,83,62000,4966640.00,24-Feb-2026,77,INE0QJ901011
DIGISPICE,EQ,19.64,20.39,19.2,19.97,20,20.14,63514,1277356.99,24-Feb-2026,326,INE927C01020
DIGITIDE,EQ,102,102.47,97.4,98.01,98.88,103.35,273412,27146935.47,24-Feb-2026,2641,INE0U4701011
DIGJAMLMTD,EQ,44.8,45.5,43.51,44.95,44.1,44.79,3002,132512.25,24-Feb-2026,42,INE731U01028
DNAMEDIA,EQ,3.35,3.49,3.35,3.4,3.37,3.41,16894,57576.04,24-Feb-2026,135,INE016M01021
DBL,EQ,443,446.45,436.55,445.35,445.65,443.75,114144,50535660.75,24-Feb-2026,4934,INE917M01012
DISHTV,EQ,3.02,3.02,2.97,2.98,3,3.02,2032364,6072359.04,24-Feb-2026,1812,INE836F01026
DCAL,EQ,182.38,182.38,175,179.06,180.5,181.29,225009,40197254.80,24-Feb-2026,4803,INE385W01011
DIVGIITTS,EQ,770.2,786,738,752.1,743,766.35,70478,53951284.90,24-Feb-2026,4153,INE753U01022
DIVISLAB,EQ,6255,6293.5,6226.5,6255.5,6275,6293.5,92139,576209513.00,24-Feb-2026,15092,INE361B01024
DIVINEHIRA,ST,272,272,270,270,270,271,9600,2595200.00,24-Feb-2026,4,INE0NA501011
DPEL,ST,288,291.5,278,289.6,291.5,291.05,28000,7958450.00,24-Feb-2026,43,INE0SCO01019
DIVYADHAN,SM,20.9,20.9,20.9,20.9,20.9,21.3,6000,125400.00,24-Feb-2026,2,INE0QYI01019
DIXON,EQ,10560,10614,10371,10525,10579,10599,512955,5377994107.00,24-Feb-2026,66817,INE935N01020
DJML,BE,93,94,87.69,92.95,93.75,92.3,38656,3513623.82,24-Feb-2026,294,INE0B1K01014
DLF,EQ,623.15,624.3,608.25,611.65,613.55,626.3,2835264,1741454232.30,24-Feb-2026,36499,INE271C01023
DMCC,EQ,232.01,235,215.35,216.13,215.5,230.38,31473,6896999.38,24-Feb-2026,1215,INE505A01010
DHTL,SM,42.3,42.3,42.3,42.3,42.3,42.4,1600,67680.00,24-Feb-2026,2,INE0OGG01015
DODLA,EQ,1160,1174.9,1146,1150.4,1152.5,1164.2,18115,20863154.60,24-Feb-2026,3561,INE021O01019
DOLATALGO,EQ,75.83,76.9,73.5,76.23,76,76.12,239388,17975383.67,24-Feb-2026,2521,INE966A01022
DOLLAR,EQ,299,300,293.5,294.8,294.3,302.4,47051,13954733.30,24-Feb-2026,2525,INE325C01035
DOLPHIN,EQ,415,474,408.1,439.2,425.3,412.85,12814482,5820474828.15,24-Feb-2026,127898,INE920A01037
DOMS,EQ,2290,2387,2286,2364.6,2368,2298,159398,375780297.00,24-Feb-2026,24652,INE321T01012
DONEAR,EQ,93.25,93.25,88.2,89.56,89,92.22,33159,2999881.27,24-Feb-2026,475,INE668D01028
DPSCLTD,EQ,9.2,9.6,9.1,9.28,9.31,9.58,81146,749515.87,24-Feb-2026,662,INE360C01024
AGARWALEYE,EQ,439.95,460,436.25,455.55,453,441.7,105883,47449671.30,24-Feb-2026,5863,INE943P01029
LALPATHLAB,EQ,1396,1414.6,1376.4,1409.1,1412,1396,252709,352603831.50,24-Feb-2026,22071,INE600L01024
DRREDDY,EQ,1307.5,1315,1297.1,1300.2,1300,1307.4,1803242,2352142698.30,24-Feb-2026,65945,INE089A01031
DRCSYSTEMS,EQ,16.1,16.1,15.05,15.23,15.25,16.15,142467,2196431.35,24-Feb-2026,677,INE03RS01027
DREAMFOLKS,EQ,83.4,84.29,81.16,82.52,82.15,84.39,155386,12866799.36,24-Feb-2026,3126,INE0JS101016
DREDGECORP,EQ,933.9,947.6,906.1,919.1,919,933.2,122948,113542133.30,24-Feb-2026,6877,INE506A01018
DRONE,SM,49.95,50,48.05,49.25,49.25,49.6,26000,1274700.00,24-Feb-2026,37,INE0P7201019
KEEPLEARN,EQ,2.05,2.05,1.9,1.96,1.98,2,37655,73541.36,24-Feb-2026,73,INE055C01020
LIQUIDETF,EQ,1000,1000.01,999.99,1000,1000.01,1000,128085,128084932.30,24-Feb-2026,177,INF740KA1EU7
BANKADD,EQ,62.48,62.63,62.1,62.34,62.35,62.49,2434,151765.42,24-Feb-2026,68,INF740KA1RX3
GOLDADD,EQ,153.89,155,153.12,153.86,153.88,152.7,450064,69219127.84,24-Feb-2026,2180,INF740KA1SW3
ITADD,EQ,32.98,33.05,31.5,31.64,33,33.24,566157,17959914.62,24-Feb-2026,785,INF740KA1SX1
EQUAL50ADD,EQ,347.03,347.03,344,345.77,346.2,348.55,38005,13145485.88,24-Feb-2026,377,INF740KA1QK2
NIFTYADD,EQ,267.08,268.13,265.56,266.43,266.61,268.65,18895,5035058.37,24-Feb-2026,390,INF740KA1CL0
PSUBANKADD,EQ,98.42,99.5,98.01,98.83,98.85,98.68,67729,6687876.08,24-Feb-2026,460,INF740KA1SY9
PVTBANKADD,EQ,29.43,29.43,29.14,29.21,29.26,29.42,5924,173205.33,24-Feb-2026,91,INF740KA1TA7
MIDQ50ADD,EQ,239.78,243.9,238.17,240.8,243.9,241.43,1517,363050.65,24-Feb-2026,99,INF740KA1QL0
SENSEXADD,EQ,84.87,84.87,84.1,84.22,84.2,85.28,3672,309772.37,24-Feb-2026,63,INF740KA1SZ6
SILVERADD,EQ,254.66,255.67,249.94,252.41,252.49,252.7,748888,189278741.48,24-Feb-2026,6796,INF740KA1RE3
FLEXIADD,EQ,10.17,10.18,9.84,9.87,10.05,10.04,319736,3164657.50,24-Feb-2026,951,INF740KA1WU9
HEALTHADD,EQ,147.38,148.15,147.09,147.43,147.46,147.25,6183,914601.29,24-Feb-2026,35,INF740KA1UF4
LIQUIDADD,EQ,1114.76,1114.76,1114.71,1114.73,1114.72,1114.61,1507069,1679986656.67,24-Feb-2026,895,INF740KA1UM0
MIDCAPADD,EQ,21.9,21.9,21.7,21.82,21.76,21.8,3000,65284.82,24-Feb-2026,46,INF740KA1WW5
MSCIADD,EQ,30.2,30.48,29.95,30.48,30.48,30.39,164,4938.32,24-Feb-2026,7,INF740KA1WV7
NEXT30ADD,EQ,41.38,41.55,41.23,41.53,41.55,41.38,3420,141709.56,24-Feb-2026,58,INF740KA1VE5
NEXT50ADD,EQ,69.53,69.95,69.25,69.87,69.95,69.87,2212,154028.42,24-Feb-2026,25,INF740KA1XU7
SMALLADD,EQ,15.98,15.98,15.83,15.9,15.97,16.07,13907,221004.95,24-Feb-2026,94,INF740KA1WX3
TOP10ADD,EQ,96.53,96.57,94.82,95.12,95.15,96.52,69090,6582974.39,24-Feb-2026,796,INF740KA1UR9
DUCON,EQ,3.44,3.55,3.35,3.39,3.4,3.44,525470,1787346.96,24-Feb-2026,671,INE741L01018
DUGLOBAL,SM,43.25,43.75,39.8,39.8,39.8,42.95,40000,1693750.00,24-Feb-2026,10,INE0HPK01020
DURLAX-RE,ST,1.25,1.25,1.2,1.2,1.2,1.95,45880,55278.00,24-Feb-2026,16,INE0OUW20013
DURLAX,SM,43.75,43.75,41.55,41.6,41.6,42.55,38000,1612200.00,24-Feb-2026,15,INE0OUW01013
DWARKESH,EQ,34.7,35.55,34.5,35.17,35.45,35.6,478526,16709021.60,24-Feb-2026,2165,INE366A01041
DSSL,EQ,946,953.4,918.2,931.3,938.8,946.4,20721,19296182.45,24-Feb-2026,1865,INE417B01040
DYNAMATECH,EQ,10100,10165,9811,9924.5,9996,10066,13073,129462917.00,24-Feb-2026,4767,INE221B01012
DYCL,EQ,286,286,273.45,278.4,280,285.05,213538,59289313.75,24-Feb-2026,6197,INE600Y01019
DYNAMIC,SM,125,125,120,121.95,121.95,126,4500,547275.00,24-Feb-2026,9,INE0DZ701010
DYNPRO,EQ,224.82,228.89,217.15,226.47,227.7,224.81,37282,8294825.77,24-Feb-2026,2431,INE256H01015
EFACTOR,SM,264.25,264.25,236.25,243.7,246.5,264.85,8000,1992900.00,24-Feb-2026,13,INE0KFF01017
E2ERAIL,SM,211.05,211.05,211,211,211,216.5,2400,506440.00,24-Feb-2026,3,INE1CEJ01017
E2E,BE,2489,2549,2441.1,2441.1,2441.1,2569.5,73069,179480430.60,24-Feb-2026,6339,INE255Z01019
EASTSILK,BE,70.55,70.57,70.55,70.57,70.57,67.21,3394,239482.47,24-Feb-2026,45,INE962C01035
EASEMYTRIP,EQ,9.08,9.08,8.64,8.76,8.81,9.14,34949127,306608637.90,24-Feb-2026,18091,INE07O001026
888ECL28,N1,975,978.49,975,978.46,978.46,975,14,13681.20,24-Feb-2026,3,INE528S07110
ECLERX,EQ,3450,3459.3,3332.7,3345.6,3350,3472.5,74845,252805773.90,24-Feb-2026,15047,INE738I01010
ECOLINE,SM,142.5,142.5,137,137,137,140,8000,1121000.00,24-Feb-2026,6,INE0VBS01016
ECOSMOBLTY,EQ,160,160.06,151.46,152.87,152.55,159.57,204268,31504321.90,24-Feb-2026,5472,INE06HJ01020
BBETF0432,EQ,1318.55,1320.91,1315.51,1317.42,1316.7,1317.78,11067,14576690.69,24-Feb-2026,70,INF754K01OB1
EBANKNIFTY,EQ,61.72,61.97,61.11,61.35,61.18,61.42,4256,261814.70,24-Feb-2026,63,INF754K01TE4
EBBETF0430,EQ,1564.89,1576.12,1564.89,1573.11,1573.18,1572.01,17740,27897756.21,24-Feb-2026,303,INF754K01KO2
EBBETF0431,EQ,1405.05,1405.05,1399.47,1400.45,1402.92,1406.02,22476,31488294.63,24-Feb-2026,203,INF754K01LE1
EBBETF0433,EQ,1277.92,1279.41,1276,1279.08,1278,1277.92,2043,2609651.47,24-Feb-2026,88,INF754K01QX0
ECAPINSURE,EQ,24.71,24.73,24.24,24.41,24.55,24.59,28663,701370.08,24-Feb-2026,383,INF754K01TX4
EGOLD,EQ,157.85,158.5,156.35,157.65,157.4,156.65,93842,14801646.50,24-Feb-2026,1061,INF754K01SE6
ELIQUID,EQ,1019.84,1019.84,1019.83,1019.84,1019.84,1019.69,2469,2517976.08,24-Feb-2026,9,INF754K01VW2
ELM250,EQ,16.64,17.5,16.37,16.56,17.5,16.6,36640,606020.00,24-Feb-2026,185,INF754K01VV4
EMULTIMQ,EQ,40.96,41.1,40.72,40.86,40.86,41.01,27230,1114036.28,24-Feb-2026,212,INF754K01TF1
ENIFTY,EQ,25.64,25.64,25.4,25.51,25.52,25.72,1413,36057.35,24-Feb-2026,32,INF754K01VX0
ESENSEX,EQ,84.7,84.7,82.27,82.48,82.48,83.04,331,27571.92,24-Feb-2026,16,INF754K01VY8
ESILVER,EQ,261.85,264.3,259.03,262.28,262.95,260.41,465664,122072871.89,24-Feb-2026,2821,INF754K01SF3
EDELWEISS,EQ,123.18,123.99,120.31,121.71,122,123.18,4998869,610074152.39,24-Feb-2026,30723,INE532F01054
EFCIL,EQ,262.9,263.4,237.1,243.05,245,264.8,2895583,712535088.85,24-Feb-2026,32921,INE886D01026
EFFWA,SM,208.7,208.8,205,206.5,205.3,207.1,5600,1160120.00,24-Feb-2026,14,INE0U9101019
EICHERMOT,EQ,7990,8059.5,7902,7929,7915,8038.5,430812,3425465315.50,24-Feb-2026,69739,INE066A01021
EIDPARRY,EQ,881.15,888.6,859.85,867,868.75,885.2,204678,178108695.25,24-Feb-2026,14711,INE126A01031
EIHAHOTELS,EQ,338.6,338.6,331.9,332.4,333,336.45,5363,1790403.35,24-Feb-2026,314,INE276C01014
EIHOTEL,EQ,323.6,323.6,317.25,320.45,321.5,323.6,183029,58490011.70,24-Feb-2026,4961,INE230A01023
EIMCOELECO,EQ,1598,1598.4,1561.1,1574.9,1589,1596.5,9449,14878071.10,24-Feb-2026,1265,INE158B01016
ELDEHSG,EQ,916,916,870.05,879.45,875.5,882.8,209,184685.15,24-Feb-2026,36,INE668G01021
ELECON,EQ,426.4,431.8,416.5,419.7,420.95,426.35,235468,99446084.65,24-Feb-2026,11695,INE205B01031
EFORCE,SM,29.5,29.95,28.2,28.4,28.3,29.5,16800,481920.00,24-Feb-2026,13,INE0Q1W01012
EMIL,EQ,102.6,102.6,99.74,100.12,100.16,102.6,381839,38285508.15,24-Feb-2026,4107,INE02YR01019
ELECTCAST,EQ,69.75,69.95,68.86,69.41,69.6,69.95,673737,46700597.53,24-Feb-2026,4792,INE086A01029
ELECTHERM,EQ,723.35,723.35,708.5,717.6,715,729.2,8259,5887154.60,24-Feb-2026,556,INE822G01016
ELGNZ,SM,84,84,70,72.85,73.4,84.1,197000,14612850.00,24-Feb-2026,143,INE0R9101015
ELGIEQUIP,EQ,547,548.85,537.05,540.7,544,549.35,395827,214714721.80,24-Feb-2026,18906,INE285A01027
ELGIRUBCO,EQ,40,40,38.61,38.81,38.62,39.12,6067,235884.19,24-Feb-2026,138,INE819L01012
ELIN,EQ,133,136.88,130,132.17,132.9,133.43,60059,7987686.02,24-Feb-2026,1497,INE050401020
ELLEN,EQ,243.9,243.9,235.25,238.25,239.85,240.9,89086,21289381.05,24-Feb-2026,2159,INE236E01022
EMAPARTNER,SM,89.8,89.8,87.8,87.8,87.8,88.75,2000,177600.00,24-Feb-2026,2,INE0ZOL01023
EMAMILTD,EQ,477.05,479.75,470,474.7,474.75,479.75,501781,237788731.80,24-Feb-2026,22809,INE548C01032
EMAMIPAP,EQ,87.8,87.83,85.2,86.62,86.5,86.34,14253,1230755.58,24-Feb-2026,368,INE830C01026
EMAMIREAL,EQ,66.35,67.48,65.57,66.75,66.1,67.1,8363,555322.58,24-Feb-2026,268,INE778K01012
EMBDL,BE,60.78,60.96,57.94,58.75,59.5,60.96,1805573,105990721.97,24-Feb-2026,7686,INE069I01010
EMBASSY,RR,434.8,437,417.5,420.02,418,434.36,58160702,24432315358.61,24-Feb-2026,17399,INE041025011
EMCURE,EQ,1431.9,1449.9,1424.8,1434.5,1430.1,1435.6,126588,182155626.30,24-Feb-2026,16968,INE168P01015
ETML,SM,98.25,98.25,96.05,96.05,96.05,102,18000,1757700.00,24-Feb-2026,14,INE0RHD01013
EMKAY,EQ,241,241.6,231.1,236,235,235.4,8285,1950638.20,24-Feb-2026,201,INE296H01011
EMKAYTOOLS,SM,105,105,101.2,101.2,101.2,105.3,2550,262867.50,24-Feb-2026,17,INE332S01011
ETL,SM,890,890,890,890,890,890,300,267000.00,24-Feb-2026,1,INE0PXC01024
EMMBI,EQ,90.42,90.42,88.5,90.14,89.23,90.42,3048,273139.03,24-Feb-2026,75,INE753K01015
EMMVEE,EQ,210.58,215.6,208.72,213.25,213.5,210.57,704976,149072504.81,24-Feb-2026,11914,INE1C6T01020
EMSLIMITED,EQ,309.7,309.7,301,301.85,304,310.55,112539,34133596.45,24-Feb-2026,3531,INE0OV601013
EMUDHRA,EQ,481.05,481.05,435.15,443.55,442,463.6,248502,111215061.25,24-Feb-2026,16010,INE01QM01018
ENCOMPAS,SM,259,259,259,259,259,260,1200,310800.00,24-Feb-2026,1,INE433T01015
ENDURANCE,EQ,2547.4,2701.6,2518,2685,2685,2554.8,279045,737959591.50,24-Feb-2026,34883,INE913H01037
ENERGYDEV,EQ,16.8,16.8,16.2,16.3,16.27,16.76,19829,324181.93,24-Feb-2026,249,INE306C01019
EMMIL,SM,145,146,145,145,145,149.5,2250,327500.00,24-Feb-2026,5,INE0S1L01013
ENFUSE,SM,196.05,198.95,189,197.95,197,205.65,3600,703800.00,24-Feb-2026,6,INE0S3X01014
ENGINERSIN,EQ,216.9,218.82,211.82,215.76,216.05,217.01,5588595,1203237564.56,24-Feb-2026,45988,INE510A01028
ENSER,SM,11.5,11.5,11.5,11.5,11.5,11.5,5000,57500.00,24-Feb-2026,1,INE0R9I01021
ENTERO,EQ,1060,1060,1014.3,1028.3,1026.3,1062,88806,91400661.60,24-Feb-2026,15709,INE010601016
ENIL,EQ,107.7,108.39,105.5,105.84,105.5,106.07,7666,812095.88,24-Feb-2026,185,INE265F01028
EIEL,EQ,164,164,159.05,160.41,160.9,163.48,501172,80332368.27,24-Feb-2026,8404,INE0LLY01014
ENVIRO,SM,97.9,102.5,97.9,102.5,102.5,97.9,8000,813350.00,24-Feb-2026,8,INE0SUH01015
EPACK,EQ,246.9,261.99,246.73,251.65,253.4,246.66,1275489,324327030.62,24-Feb-2026,19371,INE0G5901015
EPACKPEB,EQ,185,185,177.08,180.68,180.76,186.05,429689,77467537.97,24-Feb-2026,8277,INE0MLS01022
EPIGRAL,EQ,961.8,962.6,938,940.7,942.7,964,46969,44517653.40,24-Feb-2026,3982,INE071N01016
EPL,EQ,215.55,219.4,213.01,215.07,215.49,216.67,271578,58390143.19,24-Feb-2026,13832,INE255A01020
EEPL,SM,148,148,145,145.6,146.8,148.4,17000,2478450.00,24-Feb-2026,16,INE11HF01010
EPWINDIA,SM,123,127.9,123,125.9,127.5,123.25,51600,6484320.00,24-Feb-2026,37,INE1KEC01023
EQUIPPP,BE,17.5,18,17.3,17.5,17.5,17.5,2460,42986.30,24-Feb-2026,23,INE217G01035
EQUITASBNK,EQ,66.01,66.07,64.75,65.29,65.4,66.45,1351493,88388377.45,24-Feb-2026,12068,INE063P01018
ERIS,EQ,1358,1402.5,1347.3,1384.6,1391,1352.7,127185,175115571.50,24-Feb-2026,10530,INE406M01024
ESABINDIA,EQ,5502,5535,5446,5504,5535,5496,2106,11546218.00,24-Feb-2026,499,INE284A01012
ESAFSFB,EQ,27.11,27.32,26.57,26.88,27,27.25,262726,7068181.43,24-Feb-2026,1787,INE818W01011
ESCONET,SM,134,134,130.95,130.95,130.95,137.8,28000,3673620.00,24-Feb-2026,43,INE0RQZ01017
ESCORTS,EQ,3483.9,3590.3,3476.1,3565.4,3561,3483.9,135907,481852969.60,24-Feb-2026,21840,INE042A01014
1165ESFB32,N0,101059.47,101059.47,101059.47,101059.47,101059.47,100699,2,202118.94,24-Feb-2026,2,INE818W08164
ESPRIT,SM,74,74,69.2,69.5,69.5,75.05,12800,915520.00,24-Feb-2026,8,INE0SBP01018
ESSARSHPNG,EQ,26.5,27.24,25.5,26.18,26.2,27,231558,6090381.12,24-Feb-2026,1700,INE122M01019
ESFL,SM,120,121,115.9,116.35,116,122,147960,17380422.00,24-Feb-2026,210,INE0ITO01014
ESTER,EQ,98.14,98.79,95.65,97.12,96.82,98.84,45845,4455398.19,24-Feb-2026,644,INE778B01029
ETERNAL,EQ,260,264.9,251.8,254,254.4,268,76836880,19672475325.45,24-Feb-2026,535404,INE758T01015
ETHOSLTD,EQ,2460,2470,2402,2436.3,2445.6,2454.7,9152,22220262.30,24-Feb-2026,3320,INE04TZ01018
EUREKAFORB,EQ,499,511.95,490.5,492.75,490.5,501.8,136710,68272755.80,24-Feb-2026,6924,INE0KCE01017
EIFFL,EQ,242.05,242.05,235.6,238.8,237.05,240.55,4945,1181500.60,24-Feb-2026,677,INE546V01010
EUROBOND,EQ,173.71,173.95,167.04,168.54,167.56,170.38,18486,3134568.80,24-Feb-2026,153,INE505V01016
EUROPRATIK,EQ,250,252.79,245.43,249.25,249.64,249.89,113065,28154712.90,24-Feb-2026,3167,INE198501012
EUROTEXIND,BE,12.42,12.42,12.3,12.3,12.3,12.36,41,506.22,24-Feb-2026,3,INE022C01012
EVEREADY,EQ,327,330,321.85,324.4,324,327.15,82665,26973210.35,24-Feb-2026,2202,INE128A01029
EVERESTIND,EQ,392.45,395,386,394.3,390,390.75,5459,2131437.55,24-Feb-2026,250,INE295A01018
EKC,EQ,116.8,116.8,114,115.17,115,116.69,147422,16987975.15,24-Feb-2026,2113,INE184H01027
EXCELINDUS,EQ,957.95,975,941,949.15,955,952,9659,9243712.45,24-Feb-2026,794,INE369A01029
EXCEL,EQ,1.14,1.15,1.1,1.12,1.13,1.12,2465662,2752688.39,24-Feb-2026,1215,INE688J01023
EXCELLENT,ST,92.95,93.95,92.95,93.95,93.95,89.5,51200,4795360.00,24-Feb-2026,32,INE0Y4801011
EXCELSOFT,EQ,82,82,78.7,79.88,79.18,82.88,1040024,83047433.79,24-Feb-2026,7864,INE606N01019
EXICOM,EQ,93.97,97,93.15,94.78,96.1,94.39,157005,14773382.36,24-Feb-2026,2398,INE777F01014
EXIDEIND,EQ,335.85,338.4,332.85,335.95,337,338.4,807265,270496299.35,24-Feb-2026,17888,INE302A01020
EXIMROUTES,ST,164.75,164.75,164.75,164.75,164.75,168.1,11200,1845200.00,24-Feb-2026,7,INE19I001020
EXPLEOSOL,EQ,823,825.2,781,781.8,783,825.45,29857,23618046.05,24-Feb-2026,2195,INE201K01015
EXXARO,EQ,7,7.42,6.76,7.42,7.42,7.07,1968732,14578914.84,24-Feb-2026,367,INE0GFE01026
FABTECH,EQ,152,158.6,151.21,154,157,153.44,112068,17197074.55,24-Feb-2026,2430,INE0HF201011
FACT,EQ,774.45,778.8,751.6,757.25,760,773.7,68339,51927491.05,24-Feb-2026,4655,INE188A01015
FAIRCHEMOR,EQ,597.8,597.8,571,577.05,572.5,584.4,10614,6155527.25,24-Feb-2026,1122,INE0DNW01011
FALCONTECH,SM,15.75,15.9,14.7,15.35,15.35,15.15,16800,254940.00,24-Feb-2026,14,INE0PQK01013
FAZE3Q,BE,516.8,516.8,489.15,489.15,489.15,514.85,47002,23225055.55,24-Feb-2026,494,INE963C01033
FCSSOFT,EQ,1.62,1.64,1.59,1.61,1.61,1.65,1882796,3045651.34,24-Feb-2026,1733,INE512B01022
FDC,EQ,372.2,375.25,366.05,368.85,372.9,374.15,76713,28438438.70,24-Feb-2026,4380,INE258B01022
FEDFINA,EQ,133,139.17,133,136.71,136.99,134.21,1055946,144623686.95,24-Feb-2026,13778,INE007N01010
FEDERALBNK,EQ,296.45,300,295,295.65,296.3,296.2,9095061,2699313801.80,24-Feb-2026,57385,INE171A01029
FMGOETZE,EQ,417,422.65,413.45,418.2,417,416.7,37503,15703973.25,24-Feb-2026,1237,INE529A01010
FELIX,SM,196.9,196.9,183.5,185.35,185.05,189.85,24500,4574950.00,24-Feb-2026,42,INE901X01013
FIBERWEB,BE,44.4,44.55,41.38,41.87,42.5,43.55,19845,827717.37,24-Feb-2026,135,INE296C01020
FIDEL,SM,130.5,133.95,130.5,132,132,132,6000,791950.00,24-Feb-2026,6,INE0LQQ01019
FIEMIND,EQ,2245,2280,2191.5,2243.2,2237.6,2247.6,58449,130854392.60,24-Feb-2026,8330,INE737H01014
FILATFASH,EQ,0.22,0.25,0.21,0.22,0.22,0.22,274467548,63209968.32,24-Feb-2026,8967,INE185E01021
FILATEX,EQ,45.4,45.61,44.58,44.89,44.72,45.94,484919,21808485.20,24-Feb-2026,2270,INE816B01035
FINBUD,SM,108.05,109,105,108,108,112,26000,2791950.00,24-Feb-2026,19,INE0EDU01014
FINEORG,EQ,4660,4998,4632.5,4872.3,4899.9,4647.5,260076,1270315330.80,24-Feb-2026,40255,INE686Y01026
FCL,EQ,24.22,24.48,23.78,24.26,24.28,24.34,1411530,34046137.86,24-Feb-2026,4313,INE045J01034
FINKURVE,EQ,81.67,83,78.55,81.78,80.89,81.98,8665,705955.04,24-Feb-2026,457,INE734I01027
FINOPB,EQ,213.24,213.24,199.15,205.02,206,211.89,740299,150797576.08,24-Feb-2026,7260,INE02NC01014
FINCABLES,EQ,825.2,825.2,800,812.35,812.6,825.2,217723,176666508.00,24-Feb-2026,14432,INE235A01022
FINPIPE,EQ,185.8,186.11,181.83,182.65,182.6,186.66,281205,51461234.50,24-Feb-2026,6321,INE183A01024
FSL,EQ,237,239.5,227,227.9,228.15,240.2,2454705,566637950.75,24-Feb-2026,40725,INE684F01012
FISCHER,EQ,41.08,41.34,39.7,40.04,40.25,41.08,3910694,157285264.44,24-Feb-2026,3445,INE771F01041
FIVESTAR,EQ,435,435,424.5,426.15,426.9,435.35,1184506,507297292.40,24-Feb-2026,25128,INE128S01021
FLAIR,EQ,319.8,319.8,308,309.25,309.6,316,75161,23550622.30,24-Feb-2026,1452,INE00Y201027
FLEXITUFF,EQ,10.3,10.45,9.81,10.43,10.45,10,5578,55608.61,24-Feb-2026,23,INE060J01017
FLYSBS,SM,482,493,470,481.95,482,492.55,15400,7418890.00,24-Feb-2026,68,INE0VCK01011
FWSTC,SM,183.25,188.4,183,188.4,188.4,192,4200,773400.00,24-Feb-2026,7,INE0SQZ01015
FOCE,SM,1747,1747,1747,1747,1747,1792,100,174700.00,24-Feb-2026,1,INE0I7D01019
FOCUS,EQ,65.31,66.6,64.26,65.16,64.56,64.44,38688,2504854.63,24-Feb-2026,638,INE593W01028
FONEBOX,SM,83.5,83.5,80,80,80,86.2,2000,163500.00,24-Feb-2026,2,INE0Q4701019
FOODSIN,EQ,61.44,61.44,59,60.03,60.05,60.7,86755,5187874.72,24-Feb-2026,913,INE976E01023
FORCAS,SM,101.5,104,100,101.95,101.95,104.45,9600,971920.00,24-Feb-2026,6,INE0U2501017
FORCEMOT,EQ,24450,25250,24304,25038,25145,24452,78946,1964190535.00,24-Feb-2026,24104,INE451A01017
FORGEAUTO,SM,88.35,88.35,88.35,88.35,88.35,93,3600,318060.00,24-Feb-2026,3,INE0YKW01013
FORTIS,EQ,916,923.5,910.05,919.55,923,919.7,609597,559099687.50,24-Feb-2026,23518,INE061F01013
FOSECOIND,EQ,4687.2,4778,4650,4731.5,4778,4687.2,716,3356033.60,24-Feb-2026,256,INE519A01011
FRACTAL,EQ,836.95,852,824.5,831.85,827,840,829553,694108234.40,24-Feb-2026,25026,INE212S01015
FICRF3GP,MF,125,125,125,125,125,119,1,125.00,24-Feb-2026,1,INF090I01VX3
FRESHARA,ST,198.85,204.2,195.9,198.9,201,194.5,25800,5151420.00,24-Feb-2026,36,INE0SFW01015
FROG,SM,159,161.8,147,148.05,147.5,150.4,17200,2610160.00,24-Feb-2026,40,INE385O01018
NYKAA,EQ,266.44,266.44,257.53,261.36,262.1,266.73,5703923,1484201901.14,24-Feb-2026,53044,INE388Y01029
UTLSOLAR,EQ,203.01,204.65,197,197.91,198.15,203.05,147521,29285816.77,24-Feb-2026,6751,INE12UR01024
FUSION,EQ,183.6,187.5,181,186.79,187.45,183.67,263663,48472997.20,24-Feb-2026,3856,INE139R01012
FLFL,BZ,1.22,1.27,1.16,1.17,1.18,1.22,73288,87985.08,24-Feb-2026,128,INE452O01016
FEL,BZ,0.44,0.44,0.43,0.43,0.44,0.43,136647,59180.02,24-Feb-2026,97,INE623B01027
FELDVR,BZ,2.78,2.78,2.78,2.78,2.78,2.65,4364,12131.92,24-Feb-2026,7,IN9623B01058
FMNL,EQ,8.72,8.99,8.33,8.5,8.36,8.72,15198,128775.32,24-Feb-2026,165,INE360L01017
GMBREW,EQ,1012,1027.95,990,1005.2,1008,1032.15,74038,74301401.00,24-Feb-2026,4727,INE075D01018
GRINFRA,EQ,980,989.75,955,986,988,975.95,34652,33930743.95,24-Feb-2026,4460,INE201P01022
GTECJAINX,EQ,20,20,19,19,19.55,19.29,2580,49324.49,24-Feb-2026,22,INE586X01012
GABRIEL,EQ,975,975,951.15,965.8,966.8,972.2,99479,95492532.40,24-Feb-2026,9093,INE524A01029
GATECH,EQ,0.48,0.53,0.48,0.52,0.53,0.48,14118694,7253296.36,24-Feb-2026,1521,INE224E01028
GATECHDVR,EQ,0.46,0.49,0.46,0.47,0.48,0.46,996060,471279.15,24-Feb-2026,253,INE224E01036
GAIL,EQ,165.6,168.59,165.6,167.86,168.55,167.13,8809408,1475003220.05,24-Feb-2026,58932,INE129A01019
GAJANAND,SM,9.4,9.4,9.4,9.4,9.4,9.35,3000,28200.00,24-Feb-2026,1,INE0QTE01018
GALAPREC,EQ,769.9,769.9,740.35,746.45,748.5,765.8,12420,9312114.15,24-Feb-2026,903,INE0RE001014
GML,ST,17.6,18.35,17.5,17.5,17.5,17.5,38000,675700.00,24-Feb-2026,12,INE09A801015
GALAXYSURF,EQ,1950.1,1955,1917,1942,1940,1947.2,10419,20192321.10,24-Feb-2026,2009,INE600K01018
GALLANTT,EQ,552.9,560.5,542.3,553.85,552.3,558.85,56976,31325157.15,24-Feb-2026,2182,INE297H01019
GANDHAR,EQ,142.1,143.09,139.02,140.82,141.69,142.83,119120,16768331.69,24-Feb-2026,2103,INE717W01049
GANDHITUBE,EQ,909.9,909.9,882.15,902.95,904.5,903.45,9086,8155763.10,24-Feb-2026,904,INE524B01027
GANESHBE,EQ,87.74,87.75,81,82.84,83.81,87.74,160070,13307418.94,24-Feb-2026,2859,INE388A01029
GANESHCP,EQ,178.05,178.72,167.67,170.71,170.15,179.66,113562,19520355.53,24-Feb-2026,2989,INE652V01016
GGBL,SM,262.25,262.25,251.35,258.65,260.75,263.6,20100,5167275.00,24-Feb-2026,63,INE0R8C01018
GANESHHOU,EQ,704.9,706.55,686.15,688.6,688.8,707.45,35492,24581938.50,24-Feb-2026,2107,INE460C01014
GANESHIN,SM,84.5,86,82.45,82.45,82.45,86.75,227200,18900280.00,24-Feb-2026,158,INE0TVT01024
GANECOS,EQ,754,785.55,750,779.1,776.55,761.7,64553,49527977.85,24-Feb-2026,5396,INE845D01014
GANGABATH,SM,18.1,18.1,17.4,17.75,17.75,17.8,12000,213900.00,24-Feb-2026,4,INE0ZI101018
GANGAFORGE,EQ,3.09,3.21,2.88,2.93,2.95,3.02,1466933,4522385.78,24-Feb-2026,1205,INE691Z01023
GANGESSECU,EQ,126.85,129,122.11,123,123,128.07,3027,374059.68,24-Feb-2026,77,INE335W01016
GRSE,EQ,2425,2440,2395,2416.3,2419,2446.1,377293,910264609.30,24-Feb-2026,23460,INE382Z01011
GARUDA,EQ,183.99,183.99,176.91,180.24,182,184.28,570912,102538720.44,24-Feb-2026,8188,INE0JVO01026
GRWRHITECH,EQ,3992,4017,3864.1,3962.8,3970,4046.3,56301,220346106.30,24-Feb-2026,9586,INE291A01017
GARFIBRES,EQ,658.4,658.4,640.6,645.45,641,656.15,75987,49330311.10,24-Feb-2026,5156,INE276A01018
GATEWAY,EQ,60.11,60.24,58.8,59.32,59.37,60.42,738256,43843402.15,24-Feb-2026,6777,INE079J01017
GAYAHWS,EQ,2.33,2.33,2.23,2.23,2.23,2.34,354297,792480.57,24-Feb-2026,440,INE287Z01012
GRCL,SM,409.5,409.5,370.5,409,409,390,1250,492225.00,24-Feb-2026,5,INE0LVM01018
GVPIL,BE,490,490,469,478.05,479,492.8,180160,85862933.50,24-Feb-2026,3934,INE878A01011
GVT&D,EQ,3698,3760.4,3645.9,3735.9,3730,3713.1,606582,2258020151.20,24-Feb-2026,40774,INE200A01026
GEECEE,EQ,289.75,293.7,289,290.15,290,290.2,2216,645295.05,24-Feb-2026,79,INE916G01016
GEEKAYWIRE,EQ,25.51,25.96,25.3,25.58,25.5,25.51,45826,1170245.69,24-Feb-2026,524,INE669X01032
GEMAROMA,EQ,196.5,196.5,187.46,191.73,191.94,196.65,173099,33068953.95,24-Feb-2026,2107,INE06XZ01023
GICRE,EQ,387.05,392.4,383.8,386.1,388.6,389.85,536108,208318873.75,24-Feb-2026,15481,INE481Y01014
GENCON,EQ,56.25,59.47,56.25,58.67,59.1,55.65,1270230,74019655.31,24-Feb-2026,4922,INE854S01022
GENESYS,EQ,311.3,313,299,306.3,304.95,313.85,228808,69714075.85,24-Feb-2026,7038,INE727B01026
GENUSPAPER,EQ,12.51,12.72,12.25,12.59,12.57,12.57,55758,697034.55,24-Feb-2026,161,INE949P01018
GENUSPOWER,EQ,260,261.5,253.3,258.05,259.95,261.05,216393,55501033.30,24-Feb-2026,6024,INE955D01029
GEOJITFSL,EQ,65.5,66.9,65.01,65.41,65.25,65.83,299516,19587564.29,24-Feb-2026,1978,INE007B01023
GFLLIMITED,EQ,47.31,47.35,46.1,46.51,46.55,47.31,65798,3081044.85,24-Feb-2026,863,INE538A01037
GHCL,EQ,494,494.1,485.3,489.05,489.9,494.1,81024,39670838.85,24-Feb-2026,9697,INE539A01019
GHCLTEXTIL,EQ,79.5,80.49,77.1,77.87,77.81,80.79,352443,27633763.36,24-Feb-2026,3115,INE0PA801013
GICHSGFIN,EQ,157.7,157.7,154.01,154.96,156.8,158.03,98478,15289280.59,24-Feb-2026,1969,INE289B01019
GILLANDERS,EQ,96.01,96.01,90,90.84,90.45,96,7436,682051.24,24-Feb-2026,255,INE047B01011
GILLETTE,EQ,8613.5,8613.5,8400,8417.5,8426,8623,14953,126419345.50,24-Feb-2026,4549,INE322A01010
GINNIFILA,EQ,39.8,39.81,38.12,39,39.47,39.77,14537,571240.59,24-Feb-2026,210,INE424C01010
GIRIRAJ,ST,142.5,142.5,142.5,142.5,142.5,149.9,750,106875.00,24-Feb-2026,3,INE614Z01017
GKENERGY,EQ,120.99,122.17,116.12,117.36,117.2,121.15,537620,63864825.82,24-Feb-2026,6293,INE1AG301022
GKWLIMITED,EQ,1670.1,1691.9,1576.7,1667.1,1677,1666.3,1180,1948269.70,24-Feb-2026,60,INE528A01020
GLAND,EQ,1790,1810,1774.1,1802.4,1810,1802.8,39426,70675744.00,24-Feb-2026,6044,INE068V01023
GLAXO,EQ,2635.1,2635.1,2591.3,2618.2,2617.7,2638.6,57672,150547186.80,24-Feb-2026,6248,INE159A01016
GLENMARK,EQ,2028.5,2078.5,2025.4,2058.6,2070.8,2039.2,372423,762199507.30,24-Feb-2026,21560,INE935A01035
GLOBAL,BE,109,109,104.34,104.46,105,109.83,61656,6485726.94,24-Feb-2026,495,INE291W01037
MEDANTA,EQ,1156,1162.9,1140,1149.9,1151,1166,102590,117712483.60,24-Feb-2026,13624,INE474Q01031
GLOBALPET,SM,115.25,115.5,115.15,115.35,115.5,120,24750,2852437.50,24-Feb-2026,19,INE0PS501019
GSLSU,EQ,87.05,92.95,87,90.36,91,88.9,32180,2914042.55,24-Feb-2026,447,INE0JSX01015
GLOBALVECT,EQ,166.67,166.67,161.25,163.2,162.22,165.24,9443,1545051.56,24-Feb-2026,465,INE792H01019
GLOBALE,EQ,11.49,11.49,10.8,10.92,11,11.52,2621,29331.64,24-Feb-2026,54,INE0URU01010
GLOBECIVIL,EQ,51.29,52.69,50.7,50.94,51.25,51.29,33050,1691390.37,24-Feb-2026,610,INE0V3U01015
GLOBE,EQ,2.89,2.89,2.7,2.71,2.71,2.8,325393,895413.05,24-Feb-2026,555,INE581X01021
GICL,BE,49.5,51.75,48.75,50,50,50,156789,7811443.65,24-Feb-2026,145,INE947T01022
GSTL,ST,25.95,26.05,25.9,25.9,25.9,25.6,21000,545250.00,24-Feb-2026,17,INE00WS01056
GLOBUSSPR,EQ,922,934,895.4,923,921.55,926.55,110698,101081052.85,24-Feb-2026,9415,INE615I01010
GLOSTERLTD,EQ,590,590,571.2,575.1,571.2,581.8,1219,702404.85,24-Feb-2026,83,INE350Z01018
GLOTTIS,EQ,49.25,49.9,48.26,49.72,49.55,49.24,134301,6588743.90,24-Feb-2026,1317,INE0TQE01026
GMMPFAUDLR,EQ,968.5,972.2,937,960.3,967.15,970.15,80532,76573906.40,24-Feb-2026,5942,INE541A01023
GMRAIRPORT,EQ,100.5,102.5,99.65,101.7,102.1,100.84,7047232,710680045.60,24-Feb-2026,28527,INE776C01039
GMRP&UI,EQ,117,119.1,113.79,118.3,119,117.29,2141010,248996871.47,24-Feb-2026,15552,INE0CU601026
GNA,EQ,416.5,422.95,391.6,418.15,416.5,414.35,228804,92658516.30,24-Feb-2026,7310,INE934S01014
EBGNG,EQ,361.5,377.85,361.5,372.7,375,374.35,166239,61549569.50,24-Feb-2026,5575,INE18JU01028
GODIGIT,EQ,339.9,340.5,334.85,337.75,337.4,337.95,217049,73254212.75,24-Feb-2026,10786,INE03JT01014
GOCOLORS,EQ,327.95,327.95,320,322.7,323,328.15,57366,18521457.15,24-Feb-2026,2970,INE0BJS01011
GOACARBON,EQ,380.2,385,372.5,374.7,374.9,379.9,16106,6098561.60,24-Feb-2026,833,INE426D01013
GOCLCORP,EQ,253.3,253.3,248.05,251.5,251.4,251.9,25046,6284836.60,24-Feb-2026,912,INE077F01035
GODAVARIB,EQ,280.3,280.3,267.55,272.9,274.9,280.85,113048,30911160.50,24-Feb-2026,2775,INE497S01012
GPIL,EQ,270.1,270.95,259,268.61,269,268.86,883578,236060921.65,24-Feb-2026,12740,INE177H01039
GODFRYPHLP,EQ,2230,2239,2120.8,2148,2150,2213.1,2072948,4462051790.80,24-Feb-2026,105485,INE260B01028
GODREJAGRO,EQ,643.8,650.15,634.45,638.35,643,644.8,126138,80900213.35,24-Feb-2026,12369,INE850D01014
GODREJCP,EQ,1226.8,1237.9,1214.3,1234.6,1236,1222.9,1187285,1455203932.30,24-Feb-2026,34007,INE102D01028
GODREJIND,EQ,1041,1060,1025.15,1050.3,1053.5,1049.9,62722,65404033.10,24-Feb-2026,4083,INE233A01035
GODREJPROP,EQ,1825,1831.2,1749,1770.7,1782,1829.7,1923433,3421434705.50,24-Feb-2026,52009,INE484J01027
679GS2031,GS,101.55,102.25,101.5,102.22,102.25,101.5,3600,366612.50,24-Feb-2026,5,IN0020240191
692GS2039,GS,100.99,100.99,100.99,100.99,100.99,100,891,89982.09,24-Feb-2026,1,IN0020240134
697GR2034,GS,98.8,98.8,98.8,98.8,98.8,98.8,10,988.00,24-Feb-2026,1,IN0020240100
698GR2054,GS,95.49,95.49,95.49,95.49,95.49,95.49,100,9549.00,24-Feb-2026,2,IN0020240175
709GS2074,GS,96.41,96.95,96.1,96.69,96.69,96.7,6418,618338.50,24-Feb-2026,9,IN0020240142
610GS2031,GS,96.12,96.5,96.12,96.5,96.5,99,6,577.86,24-Feb-2026,3,IN0020210095
622GS2035,GS,99.2,99.2,99.2,99.2,99.2,99.2,6,595.20,24-Feb-2026,2,IN0020200245
628GS2032,GS,98,99.35,98,99,99.35,97.5,39910,3923148.10,24-Feb-2026,14,IN0020250059
654GS2032,GS,100.25,100.25,100,100,100,100,6000,600375.00,24-Feb-2026,4,IN0020210244
664GS2035,GS,100,100,100,100,100,100,440,44000.00,24-Feb-2026,1,IN0020210020
667GS2050,GS,93,93.35,93,93.33,93.35,92.8,6001,558776.70,24-Feb-2026,6,IN0020200252
668GS2033,GS,100.4,100.85,98.7,100.85,100.85,100,11000,1095965.50,24-Feb-2026,8,IN0020250133
668GS2040,GS,97.27,97.27,97.27,97.27,97.27,97.3,2000,194540.00,24-Feb-2026,2,IN0020250042
676GS2061,GS,92.2,92.2,91.3,91.52,91.65,91.57,9885,905017.17,24-Feb-2026,43,IN0020200401
679GS2034,GS,102.7,102.7,102.7,102.7,102.7,102.5,100,10270.00,24-Feb-2026,1,IN0020240126
690GS2065,GS,95.4,95.7,95.4,95.5,95.5,95.1,22,2102.80,24-Feb-2026,3,IN0020250018
699GS2026,GS,102.48,102.48,102.2,102.4,102.4,102.6,2412,246586.63,24-Feb-2026,7,IN0020230028
699GS2051,GS,97.1,97.18,97.1,97.18,97.18,97.19,16000,1554240.00,24-Feb-2026,2,IN0020210194
702GS2027,GS,102.1,102.2,102.1,102.11,102.11,102.25,7900,807019.00,24-Feb-2026,6,IN0020240043
702GS2031,GS,104,104,102.75,102.75,102.75,102.5,800,83075.00,24-Feb-2026,2,IN0020240076
704GS2029,GS,103.55,104,103.55,103.6,103.6,103.55,2854,296651.00,24-Feb-2026,4,IN0020240050
706GS2028,GS,104.51,104.51,104.51,104.51,104.51,104.51,50,5225.50,24-Feb-2026,1,IN0020230010
709GS2054,GS,97.77,97.79,95.8,96.25,96.3,97.43,153830,14784195.34,24-Feb-2026,107,IN0020240118
71GS2034,GS,103,104.6,103,104.6,104.6,104.45,1345,139930.00,24-Feb-2026,5,IN0020240019
717GS2030,GS,105,105,104,104.25,104,105.05,2000,208500.00,24-Feb-2026,4,IN0020230036
718GS2033,GS,102.4,102.4,102.4,102.4,102.4,102.4,500,51200.00,24-Feb-2026,4,IN0020230085
718GS2037,GS,103,103,102.75,102.75,102.75,103.37,41630,4281232.50,24-Feb-2026,3,IN0020230077
724GS2055,GS,98.28,98.4,98.06,98.2,98.2,98.69,139715,13721621.73,24-Feb-2026,108,IN0020250075
725GS2063,GS,98.5,98.57,98.49,98.56,98.57,98.67,14775,1455428.88,24-Feb-2026,10,IN0020230044
726GS2032,GS,103,103.5,103,103.2,103.2,103.5,41100,4238162.00,24-Feb-2026,24,IN0020220060
726GS2033,GS,104,104,103,103,103,103.85,5012,516848.00,24-Feb-2026,10,IN0020220151
73GS2053,GS,99.5,100.14,99.5,99.99,99.99,99.6,3242,323664.49,24-Feb-2026,12,IN0020230051
732GS2030,GS,104.85,105.9,104.85,105.83,105.9,104.85,4100,433828.90,24-Feb-2026,4,IN0020230135
733GS2026,GS,102.6,102.61,102.6,102.61,102.61,102.6,800,82084.00,24-Feb-2026,6,IN0020230119
734GS2064,GS,100,100.9,100,100.7,100.7,100.55,19518,1960265.24,24-Feb-2026,29,IN0020240035
736GS2052,GS,103,104,102.6,103.9,103.9,102.5,2221,229190.40,24-Feb-2026,4,IN0020220086
737GS2028,GS,105.05,105.05,105.05,105.05,105.05,105.05,100,10505.00,24-Feb-2026,1,IN0020230101
74GS2062,GS,102.91,102.95,101.75,102.3,102.3,102.5,8509,875115.40,24-Feb-2026,16,IN0020220094
741GS2036,GS,105.05,105.5,105.05,105.5,105.5,105.14,3124,329581.55,24-Feb-2026,4,IN0020220102
743GS2076,GS,101.25,101.25,100.25,100.3,100.3,100.25,10750,1077810.00,24-Feb-2026,26,IN0020250117
746GS2073,GS,102.75,102.99,100.9,102,102,103.5,40454,4109392.67,24-Feb-2026,31,IN0020230127
754GS2036,GS,107.77,107.77,107.57,107.73,107.7,107.5,707220,76147275.66,24-Feb-2026,216,IN0020220029
1018GS2026,GS,108.5,108.5,105.11,105.11,105.11,108.5,3123,328675.40,24-Feb-2026,8,IN0020010081
613GS2028,GS,101.55,101.55,101.55,101.55,101.55,100.4,10,1015.50,24-Feb-2026,1,IN0020030022
716GS2050,GS,103.4,104.9,103.4,104.9,104.9,103.4,1100,114550.00,24-Feb-2026,4,IN0020200054
719GS2060,GS,100.7,100.85,100.7,100.85,100.85,99.1,6422,647337.60,24-Feb-2026,7,IN0020200039
738GS2027,GS,103.04,103.82,103.04,103.54,103.64,103.3,41819,4322456.59,24-Feb-2026,29,IN0020220037
74GS2035,GS,104.5,108.25,104.5,108.25,108.25,107.75,1900,198553.75,24-Feb-2026,8,IN0020050012
772GS2055,GS,109.5,111,109.5,111,111,109.5,2,220.50,24-Feb-2026,2,IN0020150077
824GS2027,GS,103.18,105.9,103.18,103.48,105.9,101.82,6280,648591.46,24-Feb-2026,9,IN0020060078
83GS2042,GS,107.6,107.6,107.6,107.6,107.6,112.25,13,1398.80,24-Feb-2026,3,IN0020120062
897GS2030,GS,112,113.15,112,113.15,113.15,113.15,13387,1514414.74,24-Feb-2026,7,IN0020110055
92GS2030,GS,114.98,115.02,114.9,115.01,115.01,114.95,13684,1573345.22,24-Feb-2026,9,IN0020130053
182D110626,TB,97.94,97.94,97.45,97.45,97.45,97.45,5000,489190.00,24-Feb-2026,3,IN002025Y370
182D210826,TB,97.25,97.25,97,97,97,97.32,6100,592200.00,24-Feb-2026,4,IN002025Y461
182D280526,TB,98.15,98.15,98.15,98.15,98.15,97.64,100,9815.00,24-Feb-2026,1,IN002025Y354
364D020726,TB,97.64,97.64,97.64,97.64,97.64,97.18,100,9764.00,24-Feb-2026,1,IN002025Z146
364D070127,TB,95.07,95.17,95.04,95.17,95.17,98.97,6800,646847.00,24-Feb-2026,6,IN002025Z401
364D150127,TB,94.73,94.9,94.73,94.9,94.9,94.17,5000,474160.00,24-Feb-2026,2,IN002025Z419
364D190227,TB,94.3,94.3,94.3,94.3,94.3,94.72,1100,103730.00,24-Feb-2026,2,IN002025Z468
364D270226,TB,99.7,99.7,99.7,99.7,99.7,99.45,500,49850.00,24-Feb-2026,1,IN002024Z461
91D050326,TB,99.84,99.84,99.8,99.8,99.8,99.8,1000,99804.00,24-Feb-2026,6,IN002025X364
91D070526,TB,98.64,98.64,98.64,98.64,98.64,98.56,100,9864.00,24-Feb-2026,1,IN002025X448
91D090426,TB,99.25,99.25,99.25,99.25,99.25,99.25,100,9925.00,24-Feb-2026,1,IN002025X406
91D140526,TB,98.52,98.52,98.52,98.52,98.52,98.49,100,9852.00,24-Feb-2026,1,IN002025X455
91D220526,TB,98.79,98.79,98.79,98.79,98.79,98.75,10000,987900.00,24-Feb-2026,1,IN002025X463
91D230426,TB,98.9,98.9,98.9,98.9,98.9,98.9,100,9890.00,24-Feb-2026,1,IN002025X422
GOKEX,EQ,740.05,740.1,703,709.85,714.8,747.35,1210224,862106189.45,24-Feb-2026,34881,INE887G01027
GOKULAGRO,EQ,172.26,174.12,168.01,173.23,173.2,173.68,1206834,206613882.25,24-Feb-2026,6439,INE314T01033
GOKUL,EQ,39.9,40.8,38.9,40.39,40.8,40.27,97410,3916013.91,24-Feb-2026,346,INE020J01029
GOLDENTOBC,BZ,29.98,29.99,29,29.52,29.5,28.57,2473,73154.24,24-Feb-2026,69,INE973A01010
GOLDIAM,EQ,361,361,348,353.75,353,360.05,414689,146344046.45,24-Feb-2026,8601,INE025B01025
GOLDKART,SM,246,246,246,246,246,240,12500,3075000.00,24-Feb-2026,20,INE06MH01016
GOLDSTAR,SM,6.9,6.9,6.9,6.9,6.9,6.6,45000,310500.00,24-Feb-2026,4,INE405Y01021
GOODLUCK,EQ,1212,1212,1160,1198.4,1210,1211.7,98336,116440819.40,24-Feb-2026,8689,INE127I01024
GOPAL,EQ,307,309.25,284.9,288.8,288,312.45,284358,83523002.85,24-Feb-2026,8502,INE0L9R01028
GOYALALUM,BE,6.9,6.97,6.75,6.82,6.88,6.9,58307,397538.06,24-Feb-2026,354,INE705X01026
GOYALSALT,SM,139,139,139,139,139,136,600,83400.00,24-Feb-2026,1,INE0QFE01017
GPECO,SM,332,336,326,326,326,334.9,3200,1055710.00,24-Feb-2026,9,INE0S7E01015
GULFPETRO,EQ,33.13,33.84,32.13,32.32,32.35,32.81,27584,897491.31,24-Feb-2026,380,INE586G01017
GPTHEALTH,EQ,124.64,124.67,121.4,122.45,122.45,124.99,129067,15872816.33,24-Feb-2026,2241,INE486R01017
GPTINFRA,EQ,124.81,125.36,122.4,123.36,123.57,124.97,164701,20354844.57,24-Feb-2026,2500,INE390G01014
GCHOTELS,SM,121.95,122,115,116.45,115.1,118,15000,1767090.00,24-Feb-2026,22,INE12E301017
GRANULES,EQ,591.25,600,591.25,599.6,599.8,599.25,532195,318441227.65,24-Feb-2026,13391,INE101D01020
GRAPHISAD,ST,33.5,33.5,33.4,33.4,33.4,35.15,15600,521280.00,24-Feb-2026,12,INE0POU01017
GRAPHITE,EQ,691.95,702,672.9,683.65,683.1,694.45,1100980,755639240.45,24-Feb-2026,24996,INE371A01025
GRASIM,EQ,2850.2,2886.7,2847.4,2879.3,2879.3,2873.4,593814,1700038826.90,24-Feb-2026,30415,INE047A01021
GRAVITA,EQ,1581.9,1591.9,1565,1579.8,1577.4,1591.9,59839,94230303.60,24-Feb-2026,6615,INE024L01027
GREAVESCOT,EQ,159.8,159.8,153.16,154.52,154.75,160.29,761350,118629494.16,24-Feb-2026,16761,INE224A01026
GREENCHEF,SM,49,49,44.5,45,45,45.85,13600,619640.00,24-Feb-2026,16,INE0O7P01015
GREENLAM,EQ,240.1,241.4,236,236.59,236.05,240.13,9382,2226455.11,24-Feb-2026,432,INE544R01021
GREENLEAF,SM,104.05,117,104.05,113.2,113,109.05,52000,5853000.00,24-Feb-2026,14,INE0PLX01017
GREENPANEL,EQ,210.25,214.98,207.04,209.53,209.5,213.28,87936,18413994.23,24-Feb-2026,3802,INE08ZM01014
GREENPLY,EQ,228.05,228.05,221.5,224.06,223.5,228.33,116367,26144262.96,24-Feb-2026,3162,INE461C01038
GCSL,BE,349.65,349.65,349.65,349.65,349.65,356.75,1,349.65,24-Feb-2026,1,INE199P01028
GRETEX,SM,252,263.75,252,263.75,263.75,252,3000,781612.50,24-Feb-2026,4,INE985P01012
GRINDWELL,EQ,1679.4,1693.9,1670,1681.8,1670,1687.7,15852,26687642.10,24-Feb-2026,6735,INE536A01023
GRMOVER,EQ,159,160.88,154.55,159.67,159.25,158.87,1741185,277286405.83,24-Feb-2026,4972,INE192H01020
GJL,ST,156.05,156.05,156.05,156.05,156.05,148.65,4800,749040.00,24-Feb-2026,1,INE1TY801010
GROWWCAPM,EQ,9.83,9.9,9.76,9.83,9.87,9.89,211422,2077566.04,24-Feb-2026,662,INF666M01MM4
GROWWCHEM,EQ,28.17,28.18,27.6,27.72,27.8,28.17,25821,717311.78,24-Feb-2026,343,INF666M01NP5
GROWWDEFNC,EQ,81.48,81.48,79.61,80.19,80.02,80.58,238824,19109913.88,24-Feb-2026,2713,INF666M01IO8
GROWWEV,EQ,30.74,30.74,30.23,30.42,30.48,30.67,116409,3538624.80,24-Feb-2026,1663,INF666M01IH2
GROWWGOLD,EQ,14.96,15.53,14.96,15.5,15.51,15.35,3614980,55940300.40,24-Feb-2026,6762,INF666M01OE7
GROWWLIQID,EQ,107.6,107.98,107.6,107.97,107.98,107.96,218622,23606015.19,24-Feb-2026,231,INF666M01IP5
GROWWLOVOL,EQ,10.77,10.77,10.65,10.69,10.7,10.76,6511,69680.73,24-Feb-2026,122,INF666M01LB9
GROWWMC150,EQ,221.31,221.31,215.15,217.83,217.35,218.79,509,110727.01,24-Feb-2026,43,INF666M01MV5
GROWWMETAL,EQ,11.62,11.62,11.3,11.43,11.46,11.34,582021,6621588.61,24-Feb-2026,2123,INF666M01NI0
GROWWMOM50,EQ,10.34,10.62,10.34,10.5,10.62,10.55,124147,1302773.41,24-Feb-2026,525,INF666M01KJ4
GROWWN200,EQ,11.64,11.76,11.41,11.6,11.75,11.64,124482,1433339.25,24-Feb-2026,547,INF666M01JV1
GROWWNET,EQ,9.25,9.49,8.9,8.98,9.19,9.29,734844,6624245.77,24-Feb-2026,1979,INF666M01LI4
GROWWNIFTY,EQ,10.57,10.57,10.17,10.23,10.29,10.32,550164,5631495.09,24-Feb-2026,1838,INF666M01LL8
GROWWNXT50,EQ,68.54,69.99,68.54,69.62,69.75,69.54,10137,705806.01,24-Feb-2026,107,INF666M01LZ8
GROWWPOWER,EQ,10.67,10.67,10.25,10.56,10.59,10.46,1358665,14261741.06,24-Feb-2026,1647,INF666M01LM6
GROWWPSE,EQ,103.24,104.92,102.31,104.6,104.38,104.2,7230,751656.57,24-Feb-2026,176,INF666M01NQ3
GROWWRAIL,EQ,33.59,33.59,33.17,33.34,33.37,33.58,488657,16287679.81,24-Feb-2026,2105,INF666M01JJ6
GROWWRLTY,EQ,9.35,9.35,8.88,8.97,9.29,9.15,394724,3541644.98,24-Feb-2026,884,INF666M01MN2
GROWWSC250,EQ,9.27,9.28,9.15,9.19,9.23,9.25,275256,2529123.43,24-Feb-2026,647,INF666M01MO0
GROWWSLVR,EQ,26.31,26.31,25.42,25.66,25.67,25.67,6830272,175464255.66,24-Feb-2026,7393,INF666M01OF4
GRPLTD,EQ,1750.4,1775,1711.5,1729.8,1775,1758.3,1528,2639143.10,24-Feb-2026,234,INE137I01015
GSMFOILS,SM,204.95,204.95,196.15,202.85,202.85,201.4,3500,706250.00,24-Feb-2026,7,INE0SQY01018
GSS,EQ,14.32,14.68,14.11,14.37,14.49,14.7,29059,416401.53,24-Feb-2026,266,INE871H01011
GTLINFRA,EQ,1.13,1.17,1.1,1.15,1.15,1.13,48402831,54617828.42,24-Feb-2026,12713,INE221H01019
GTL,EQ,7.3,7.3,7.1,7.12,7.17,7.31,175230,1260635.64,24-Feb-2026,644,INE043A01012
GTPL,EQ,73.5,73.5,68.64,68.83,68.8,69.91,77958,5420689.78,24-Feb-2026,2149,INE869I01013
GUFICBIO,EQ,283.55,284.45,274.45,281.1,283,283.5,74645,20909286.50,24-Feb-2026,3002,INE742B01025
GIPCL,EQ,138.86,140.6,135.75,140.14,140,138.86,227034,31505461.24,24-Feb-2026,2453,INE162A01010
GNFC,EQ,460.15,461.2,454.75,457.55,458,462.55,97216,44422310.75,24-Feb-2026,4382,INE113A01013
GSFC,EQ,171.55,172.47,169.85,171.29,171.1,172.33,400917,68508388.74,24-Feb-2026,7842,INE026A01025
GUJAPOLLO,EQ,384.65,387.6,377,378.3,377,380.95,4316,1643751.70,24-Feb-2026,488,INE826C01016
GUJALKALI,EQ,488,488,473,475.2,476,489.95,22407,10682563.00,24-Feb-2026,1272,INE186A01019
GAEL,EQ,145.59,146.25,140.9,144.28,143.26,146.22,970260,138886416.15,24-Feb-2026,12831,INE036B01030
FLUOROCHEM,EQ,3451.8,3550,3424.1,3538.6,3549.4,3497.8,36860,129108062.60,24-Feb-2026,5620,INE09N301011
GUJGASLTD,EQ,408.9,418.7,402.15,405.4,404.15,408.9,617266,252761758.40,24-Feb-2026,25555,INE844O01030
GKSL,EQ,111.81,112.64,110.11,110.71,110.5,111.87,205816,22882673.36,24-Feb-2026,2668,INE0V0W01025
GLFL,EQ,6.51,6.51,6.29,6.48,6.49,6.62,2380,15160.48,24-Feb-2026,26,INE540A01017
GMDCLTD,EQ,560,568.25,552.55,560.85,563.5,564.2,1437156,804198027.55,24-Feb-2026,28296,INE131A01031
GPPL,EQ,177.5,177.5,172.79,174.74,174.78,177.49,639050,111360363.87,24-Feb-2026,10119,INE517F01014
GUJRAFFIA,EQ,42.25,42.25,40.61,40.75,40.75,42.69,807,33107.32,24-Feb-2026,33,INE610B01024
GSPL,EQ,303.95,306.4,300.95,303.1,303.45,303.95,278672,84585416.05,24-Feb-2026,16145,INE246F01010
GUJTHEM,EQ,331.9,331.9,316,319.3,321.8,333.95,45188,14493668.20,24-Feb-2026,1766,INE942C01045
GULFOILLUB,EQ,1078,1084.2,1056.3,1072.2,1073,1078.6,22630,24138172.20,24-Feb-2026,2234,INE635Q01029
GULPOLY,EQ,153.94,155.49,151,151.87,154,154.71,67126,10267849.01,24-Feb-2026,1039,INE255D01024
GURUNANAK,SM,30,30.5,29.95,30,30,29.8,17600,532800.00,24-Feb-2026,6,INE1CCX01012
GVKPIL,BE,2.97,2.98,2.92,2.92,2.92,2.97,519151,1521504.48,24-Feb-2026,978,INE251H01024
GVPTECH,EQ,7.1,7.6,6.3,6.79,7,7.35,103560,716869.56,24-Feb-2026,319,INE382T01030
GVPTECHPP,E1,3.36,3.59,3.27,3.3,3.55,3.35,2518,8289.06,24-Feb-2026,24,IN9382T01012
HGINFRA,EQ,580,580.05,560.1,569,568,582.35,133748,75980923.95,24-Feb-2026,9319,INE926X01010
HALDER,EQ,250,262.75,245,251.35,252,251,299,74727.85,24-Feb-2026,33,INE115S01010
HALEOSLABS,EQ,1331,1331,1266.8,1266.8,1266.8,1272.8,471,605530.40,24-Feb-2026,65,INE320X01016
HGM,EQ,57.98,57.99,55,56.84,56.84,56.45,233,13081.24,24-Feb-2026,19,INE596H01014
HAPPSTMNDS,EQ,365.85,367.45,358.3,362.8,364.7,366.35,486529,175870527.30,24-Feb-2026,21590,INE419U01012
HAPPYFORGE,EQ,1336.9,1350,1303.3,1329.7,1336.5,1327.4,50845,67778641.30,24-Feb-2026,8344,INE330T01021
WHITEFORCE,SM,37,37.1,37,37.1,37.1,37.55,8000,296320.00,24-Feb-2026,5,INE0TLP01015
HARDWYN,BE,17.19,17.19,16.5,16.78,16.9,16.97,1651330,27778647.12,24-Feb-2026,516,INE626Z01029
HARIOMPIPE,EQ,370,371.95,364.7,368.55,367.55,371.3,44164,16226629.55,24-Feb-2026,2054,INE00EV01017
HARRMALAYA,EQ,177,196.62,177,191.13,190,182.12,60177,11458753.43,24-Feb-2026,1951,INE544A01019
HARSHA,EQ,368.05,371.5,363.7,365.95,364,369.15,20534,7524027.25,24-Feb-2026,1165,INE0JUS01029
HATHWAY,EQ,10.85,10.93,10.6,10.7,10.75,10.97,2024611,21816861.68,24-Feb-2026,3683,INE982F01036
HATSUN,EQ,896.5,911.15,890.3,895.05,893,904.7,14358,12929847.70,24-Feb-2026,1885,INE473B01035
HAVELLS,EQ,1410,1417.8,1392.6,1403.8,1400.1,1412.8,273019,383219034.10,24-Feb-2026,20522,INE176B01034
HBSL,EQ,63,63,60.61,61.4,60.66,62.44,1955,122544.13,24-Feb-2026,29,INE550B01022
HBLENGINE,EQ,706.95,709.9,694.1,700.55,704,705.5,879976,617160310.35,24-Feb-2026,26130,INE292B01021
HCL-INSYS,EQ,12.96,13.82,12.91,13.04,13.15,12.91,801518,10679994.19,24-Feb-2026,2769,INE236A01020
HCLTECH,EQ,1402.3,1406.7,1322.5,1339.2,1343,1426.2,10004684,13472934540.50,24-Feb-2026,262757,INE860A01027
HDBFS,EQ,715,723.95,712.75,717,718.9,719.3,198056,142164873.10,24-Feb-2026,9689,INE756I01012
HDFCAMC,EQ,2719.8,2727.9,2666.5,2681.4,2691,2726.8,654112,1760439828.60,24-Feb-2026,42437,INE127D01025
HDFCBANK,EQ,927.95,927.95,909.15,910.5,911.5,923.6,31313985,28662510212.40,24-Feb-2026,298283,INE040A01034
HDFCGOLD,EQ,130.84,136,130.84,135.45,135.64,134.2,7076532,957017377.00,24-Feb-2026,19578,INF179KC1981
HDFCLIFE,EQ,740.1,742.8,730.15,734.75,740,742.45,1919196,1411783206.25,24-Feb-2026,59401,INE795G01014
HDFCBSE500,EQ,37.56,37.56,37.13,37.3,37.46,37.74,33779,1259253.31,24-Feb-2026,313,INF179KC1EZ4
HDFCGROWTH,EQ,120.43,122.5,118.46,119.65,119.15,120.43,25845,3074180.99,24-Feb-2026,487,INF179KC1DJ0
HDFCLIQUID,EQ,1049.53,1049.53,1049.49,1049.49,1049.49,1049.4,177657,186456098.41,24-Feb-2026,56,INF179KC1JG3
HDFCLOWVOL,EQ,21.85,21.85,21.04,21.08,21.64,21.25,28093,593844.58,24-Feb-2026,129,INF179KC1HU8
HDFCMID150,EQ,22.34,22.34,21.85,22.08,22.15,22.09,439825,9670605.43,24-Feb-2026,2092,INF179KC1HT0
HDFCMOMENT,EQ,31.94,31.94,31.55,31.74,31.78,31.85,147733,4678830.74,24-Feb-2026,678,INF179KC1HV6
HDFCNEXT50,EQ,70.81,71.33,70.42,70.99,71.04,70.81,76690,5436391.47,24-Feb-2026,543,INF179KC1HS2
HDFCNIF100,EQ,27.32,27.32,26.8,26.91,26.97,27.19,111508,3000121.36,24-Feb-2026,489,INF179KC1HR4
HDFCNIFBAN,EQ,62.59,62.99,62.36,62.63,62.52,62.85,58234,3652611.49,24-Feb-2026,483,INF179KC1HY0
HDFCNIFIT,EQ,33.66,33.66,31.72,31.94,31.98,33.5,1261243,40524333.73,24-Feb-2026,2811,INF179KC1IA8
HDFCNIFTY,EQ,288.14,288.14,284.02,284.93,285.06,287.48,122466,34932528.65,24-Feb-2026,5068,INF179KC1965
HDFCPVTBAN,EQ,29.55,29.55,29.27,29.32,29.28,29.46,59894,1758801.20,24-Feb-2026,389,INF179KC1HZ7
HDFCQUAL,EQ,58.1,58.1,57.2,57.54,57.62,58.17,28657,1647589.11,24-Feb-2026,326,INF179KC1DL6
HDFCSENSEX,EQ,93,93.75,92.53,92.85,93.75,93.92,61794,5742462.09,24-Feb-2026,926,INF179KC1HX2
HDFCSILVER,EQ,252.92,253.48,248.07,250.61,251,250.96,7230835,1813615509.94,24-Feb-2026,34344,INF179KC1DI2
HDFCSML250,EQ,161.37,161.49,159.22,160.15,160.5,161.37,1589439,254288907.12,24-Feb-2026,12851,INF179KC1FB2
HDFCVALUE,EQ,137.25,137.3,136.09,136.3,136.7,138.24,4411,602582.12,24-Feb-2026,144,INF179KC1DK8
HDFCPSUBK,EQ,101.25,101.25,98.24,99.11,99.95,98.79,66679,6599450.79,24-Feb-2026,415,INF179KC1HW4
HEADSUP,EQ,7.99,8.1,7.88,7.91,7.9,7.99,3670,29080.23,24-Feb-2026,77,INE759V01019
HCG,EQ,584.35,590,580.1,584.7,582.1,592.7,59359,34664245.65,24-Feb-2026,5362,INE075I01017
HECPROJECT,EQ,117.51,119.49,113.04,115.99,114.55,116.61,9800,1135978.39,24-Feb-2026,662,INE558R01013
HEG,EQ,555,573.7,550.95,564.75,566,554.65,3540765,2000702392.45,24-Feb-2026,67196,INE545A01024
HEIDELBERG,EQ,163,167.95,162.66,167.36,167.94,164.04,137000,22707036.12,24-Feb-2026,1928,INE578A01017
HEMIPROP,EQ,142,143.1,140.71,141.39,141,143.03,231507,32780301.95,24-Feb-2026,2396,INE0AJG01018
HERANBA,EQ,208,212.48,207,208.68,208.6,209.02,22992,4809003.25,24-Feb-2026,912,INE694N01015
HERITGFOOD,EQ,336.85,336.85,325,328.45,329.7,336.85,409426,134814600.30,24-Feb-2026,11602,INE978A01027
HEROMOTOCO,EQ,5480,5523,5436.5,5511,5520,5488.5,396015,2177829812.50,24-Feb-2026,50287,INE158A01026
HESTERBIO,EQ,1586.5,1586.5,1540,1548.1,1540.2,1585,5137,7968171.90,24-Feb-2026,299,INE782E01017
HEXATRADEX,EQ,163.09,163.09,156.51,157.7,157.3,160.11,1533,244939.55,24-Feb-2026,73,INE750M01017
HEXT,EQ,494.1,496.85,475.1,477.2,475.75,503.75,1346623,651628873.25,24-Feb-2026,38696,INE093A01041
HFCL,EQ,69.5,70.15,67.85,69.4,69.6,69.69,10533828,727205124.09,24-Feb-2026,30241,INE548A01028
HIGREEN,SM,133,133.15,130,133,133,136,37600,4949640.00,24-Feb-2026,43,INE0PIC01017
HITECH,EQ,86,86.7,84.52,86.34,86.61,86.62,399515,34139311.90,24-Feb-2026,3783,INE106T01025
HILINFRA,EQ,57,57.6,54.95,57.1,57.6,56.86,172886,9706396.03,24-Feb-2026,1859,INE00RL01028
HIKAL,EQ,202,203.5,199.48,200.56,201,203.63,299513,60263381.23,24-Feb-2026,5137,INE475B01022
HILTON,EQ,19.5,19.65,19,19.27,19.49,19.66,459709,8836274.46,24-Feb-2026,1398,INE788H01017
HSCL,EQ,489.05,496.25,485.15,488.2,491,490.35,1366504,669310620.50,24-Feb-2026,18562,INE019C01026
HIMATSEIDE,EQ,105.01,105.97,100.32,101.11,101.7,105.74,475414,48729294.19,24-Feb-2026,7563,INE049A01027
HIRECT,EQ,1414,1436.7,1386,1413.7,1417,1423.3,47479,67008928.20,24-Feb-2026,4807,INE835D01023
HINDALCO,EQ,920.5,927,908.05,922.85,925.3,916.2,5179022,4760618669.15,24-Feb-2026,127560,INE038A01020
HINDCON,EQ,21.49,21.49,20.71,20.76,20.88,21.04,25616,534534.81,24-Feb-2026,223,INE642Y01029
HPIL,EQ,127.87,127.87,127,127,127,127.4,18,2292.09,24-Feb-2026,10,INE05X901010
HGS,EQ,385.6,394.25,377.7,381,380,388.65,18941,7237883.35,24-Feb-2026,1936,INE170I01016
HAL,EQ,4005,4032.4,3937.1,3952.6,3953,4025.4,1605651,6378266130.40,24-Feb-2026,100642,INE066F01020
HINDCOMPOS,EQ,426.7,433.25,423.3,428.1,432.9,433.15,2364,1012182.10,24-Feb-2026,241,INE310C01029
HCC,EQ,18.5,18.55,17.96,18.17,18.32,18.5,18542271,337851801.05,24-Feb-2026,17076,INE549A01026
HINDCOPPER,EQ,569,569.05,556.45,563.45,565.25,563.35,6939903,3891083323.00,24-Feb-2026,87292,INE531E01026
HNDFDS,EQ,485.1,492.5,482,484.85,483.6,488.6,25066,12197063.00,24-Feb-2026,1715,INE254N01026
HMVL,EQ,71,73,69.13,69.84,71,70.54,7745,548353.20,24-Feb-2026,219,INE871K01015
HINDOILEXP,EQ,130.8,135,129.74,132.7,132,131.62,524565,68947956.28,24-Feb-2026,3496,INE345A01011
HINDPETRO,EQ,437,448.95,436.15,447.05,447.5,438.5,3515127,1554328255.30,24-Feb-2026,60164,INE094A01015
HINDUNILVR,EQ,2331.1,2372,2330.3,2358.6,2364.8,2345.4,1544803,3642859564.00,24-Feb-2026,63566,INE030A01027
HINDZINC,EQ,593,600.95,588.5,597.35,599.6,590.85,4411001,2621999366.05,24-Feb-2026,50157,INE267A01025
HINDWAREAP,EQ,230.9,230.9,226.11,228.71,226.15,231.13,19477,4446807.60,24-Feb-2026,729,INE05AN01011
HISARMETAL,EQ,170.92,170.92,166,169.28,168.05,167.91,1004,169735.12,24-Feb-2026,65,INE598C01011
POWERINDIA,EQ,24101,25000,24000,24903,24930,24243,139000,3421984949.00,24-Feb-2026,35071,INE07Y701011
HITECHCORP,EQ,147.02,149.74,145.1,147.1,147.4,148.9,4982,733008.21,24-Feb-2026,122,INE120D01012
HLEGLAS,EQ,315.55,317,311.15,315.2,315.95,318.85,67130,21086684.85,24-Feb-2026,3015,INE461D01028
HLVLTD,EQ,8.35,8.5,7.9,8.13,8.1,8.38,357492,2948654.92,24-Feb-2026,990,INE102A01024
HMAAGRO,EQ,27.67,27.91,26.51,26.74,27,27.67,188892,5071873.52,24-Feb-2026,1135,INE0ECP01024
HMT,BZ,52.66,52.66,52.66,52.66,52.66,50.16,6386,336286.76,24-Feb-2026,41,INE262A01018
HOACFOODS,ST,386,399.85,382.15,386,386,386,8250,3203250.00,24-Feb-2026,10,INE0S6S01017
HOMEFIRST,EQ,1172.3,1209.5,1148,1205.1,1204,1173.8,241109,287972254.30,24-Feb-2026,19037,INE481N01025
HOMESFY,SM,158,158,158,158,158,159,1800,284400.00,24-Feb-2026,1,INE0N7F01017
HONASA,EQ,307,308.65,300.7,305.65,303,306.7,758868,231399012.60,24-Feb-2026,16851,INE0J5401028
HONDAPOWER,EQ,2203.1,2207.9,2170.1,2187.1,2190,2201.2,1970,4310414.50,24-Feb-2026,540,INE634A01018
HONAUT,EQ,31500,31935,31320,31610,31600,31570,5824,184182260.00,24-Feb-2026,2707,INE671A01010
HPAL,EQ,38,38,36.58,37.05,37,37.34,33372,1237004.89,24-Feb-2026,472,INE0GSL01024
HPL,EQ,352,352.75,338.25,346,345.55,352.8,150813,52025569.40,24-Feb-2026,6547,INE495S01016
HUDCO,EQ,194,194,188.36,190.08,190.3,194.1,4069852,775141064.61,24-Feb-2026,22736,INE031A01017
HTMEDIA,EQ,22,22.4,21.7,22.01,21.8,21.93,63018,1387550.25,24-Feb-2026,307,INE501G01024
HUBTOWN,EQ,207.51,207.51,200,201.81,202,208.22,322936,65456027.58,24-Feb-2026,4566,INE703H01016
HUHTAMAKI,EQ,178.7,178.75,174.5,175.67,175.98,179.14,93520,16447531.55,24-Feb-2026,1896,INE275B01026
HVAX,SM,708,708,704,704,704,740.9,750,528607.50,24-Feb-2026,4,INE0TO501019
HYBRIDFIN,EQ,20.99,20.99,19.54,20.02,20.02,19.54,16869,339610.58,24-Feb-2026,197,INE965B01022
HYUNDAI,EQ,2262,2265.5,2152.3,2159.9,2163.8,2284.8,673838,1471949571.20,24-Feb-2026,44631,INE0V6F01027
IGPL,EQ,356.6,374.2,356.6,370.4,370.6,371.7,14335,5271507.80,24-Feb-2026,615,INE204A01010
IBLFL,SM,47.05,47.05,47.05,47.05,47.05,49.25,2000,94100.00,24-Feb-2026,1,INE0O7401018
ICDSLTD,EQ,42.11,44.7,42.1,43.29,44.2,42.75,369,16006.71,24-Feb-2026,23,INE613B01010
ICEMAKE,EQ,850,850,808.7,821.8,823.05,821.65,40581,33509913.25,24-Feb-2026,3177,INE520Y01019
ICICIBANK,EQ,1400.9,1400.9,1382.3,1384.8,1385.5,1399.4,18274784,25374556219.00,24-Feb-2026,178572,INE090A01021
ICICIGI,EQ,1950.1,1957.6,1893,1903.9,1902,1953.8,422008,807379669.70,24-Feb-2026,33350,INE765G01017
LOWVOLIETF,EQ,22.75,22.87,22.61,22.67,22.8,22.83,2314555,52438593.16,24-Feb-2026,1143,INF109KC19U5
ICICIPRULI,EQ,665.2,665.35,658.45,661.4,661.35,664.15,812117,537324280.40,24-Feb-2026,21494,INE726G01019
MIDSELIETF,EQ,17.71,17.71,17.45,17.64,17.63,17.76,181312,3185093.04,24-Feb-2026,1084,INF109KC10W0
NIF100IETF,EQ,29.3,29.3,28.92,29.06,29,29.24,48136,1399198.74,24-Feb-2026,1276,INF109KC16V9
NIFTYIETF,EQ,288,289.04,285.6,286.5,287,289.05,706699,202569409.01,24-Feb-2026,14181,INF109K012R6
SENSEXIETF,EQ,947.43,947.75,937.02,939.74,942,951.77,29538,27788918.53,24-Feb-2026,3124,INF346A01034
ICICIAMC,EQ,3144,3172,3111.1,3150,3151,3131,522517,1645541591.20,24-Feb-2026,32667,INE346A01027
GOLDIETF,EQ,136.45,136.46,135,135.71,135.86,134.72,8819255,1195669797.11,24-Feb-2026,33056,INF109KC1NT3
NV20IETF,EQ,15.28,15.28,14.73,14.79,14.8,14.96,752877,11147146.85,24-Feb-2026,2364,INF109KC11V0
ICICIB22,EQ,128.54,128.54,125.79,127.09,127.11,127.24,879977,111382932.76,24-Feb-2026,4019,INF109KB15Y7
CASHIETF,EQ,1050.89,1050.91,1050.89,1050.89,1050.89,1050.76,400646,421037053.53,24-Feb-2026,108,INF109K1A021
EVIETF,EQ,30.85,31.5,30.4,30.65,31.5,30.91,86657,2648746.44,24-Feb-2026,769,INF109K1A153
GSEC10IETF,EQ,259.76,259.77,259.75,259.77,259.77,258.99,210,54550.30,24-Feb-2026,8,INF109KC18O0
BSE500IETF,EQ,38.96,39.7,38.85,39.43,39.46,39.64,303334,11908689.61,24-Feb-2026,1098,INF109KC1V59
GSEC5IETF,EQ,64.36,64.7,64.36,64.6,64.6,64.5,23483,1517419.37,24-Feb-2026,61,INF109KC14A8
ALPL30IETF,EQ,28.46,28.48,28.31,28.37,28.4,28.49,478971,13592856.90,24-Feb-2026,1166,INF109KC17V7
AUTOIETF,EQ,28.83,28.83,28.62,28.79,28.75,28.92,307994,8844474.28,24-Feb-2026,2000,INF109KC10V2
PVTBANIETF,EQ,29.38,29.38,29,29.06,29.07,29.25,462617,13489723.15,24-Feb-2026,1039,INF109KC18U7
COMMOIETF,EQ,100.7,101.7,100.06,101.29,101.7,100.44,46286,4660515.24,24-Feb-2026,535,INF109KC19O8
CONSUMIETF,EQ,120.89,121.33,119.9,120.65,119.9,121.76,18239,2197230.98,24-Feb-2026,456,INF109KC1V42
FMCGIETF,EQ,55.65,55.91,55.34,55.78,55.8,55.65,1182239,65757970.22,24-Feb-2026,3595,INF109KC19V3
INFRAIETF,EQ,99.98,99.98,98.38,99.2,99.65,99.8,149184,14760728.11,24-Feb-2026,1944,INF109KC16E5
LIQUIDIETF,EQ,1000,1000.01,999.99,999.99,1000,999.99,859552,859551723.92,24-Feb-2026,221,INF109KC1KT9
MIDCAPIETF,EQ,22.78,22.78,22.32,22.54,22.55,22.61,1421099,31874033.02,24-Feb-2026,3372,INF109KC11W8
MOM30IETF,EQ,32.82,32.82,31.84,32.03,32.09,32.18,1599862,51102765.64,24-Feb-2026,2169,INF109KC17C7
NEXT50IETF,EQ,72.7,73.88,72.7,73.41,73.54,73.35,581467,42505092.29,24-Feb-2026,5126,INF109KC1NS5
HEALTHIETF,EQ,150.42,150.74,149.26,150.4,150.69,150.24,53841,8076582.39,24-Feb-2026,1285,INF109KC1Q72
QUAL30IETF,EQ,20.9,20.91,20.68,20.79,20.84,21.04,150254,3117514.96,24-Feb-2026,1191,INF109KC18V5
SILVERIETF,EQ,258.4,264.84,257.65,261.69,262,260.87,8557914,2237668320.19,24-Feb-2026,39043,INF109KC1Y56
ITIETF,EQ,34.05,34.4,33.01,33.19,33.34,34.84,4445038,148739195.53,24-Feb-2026,8847,INF109KC16I6
BANKIETF,EQ,62.64,62.8,62.21,62.53,62.59,62.59,1794066,112007745.91,24-Feb-2026,1506,INF109KC15I8
METALIETF,EQ,11.69,12.2,11.69,12.11,12.13,11.99,14054612,169316490.93,24-Feb-2026,13258,INF109KC19W1
OILIETF,EQ,12.33,12.39,12.26,12.35,12.36,12.29,3159350,38915384.11,24-Feb-2026,3008,INF109KC18W3
PSUBNKIETF,EQ,101.64,104,98.51,100.16,100.49,99.17,348679,34639948.26,24-Feb-2026,1837,INF109KC10S8
TOP15IETF,EQ,11.01,11.01,10.65,10.77,10.74,10.82,67159,720525.38,24-Feb-2026,231,INF109K1A344
VAL30IETF,EQ,16.23,17.3,16.11,16.3,16.45,16.18,533421,8637841.24,24-Feb-2026,651,INF109KC16X5
FINIETF,EQ,33.25,33.25,32.2,32.42,32.49,32.66,386046,12484623.09,24-Feb-2026,2091,INF109KC17L8
ICRA,EQ,5691.5,5719,5563.5,5660.5,5699,5713.5,4598,25935018.00,24-Feb-2026,1155,INE725G01011
IDBI,EQ,113.3,115.54,112.22,113.13,113.6,113.44,15102988,1720088073.42,24-Feb-2026,41959,INE008A01015
IDEAFORGE,EQ,407.95,412,405.25,408.9,411.05,409.45,77011,31379423.70,24-Feb-2026,2810,INE349Y01013
IDENTICAL,SM,19.3,19.3,18.55,18.55,18.55,19.3,10000,190900.00,24-Feb-2026,4,INE0TD101011
IDFCFIRSTB,EQ,69.89,72.24,68.5,70.97,70.75,70.04,321537145,22581139977.42,24-Feb-2026,672574,INE092T01019
IFBAGRO,EQ,908,929.5,880.4,893,892.4,898.4,30632,27610895.20,24-Feb-2026,1951,INE076C01018
IFBIND,EQ,1140.8,1144.8,1114.1,1121,1123.6,1140.8,21914,24723460.30,24-Feb-2026,2429,INE559A01017
IFCI,EQ,59.69,59.7,58.23,58.72,58.88,59.71,10094766,593354521.72,24-Feb-2026,24844,INE039A01010
IFGLEXPOR,EQ,175.39,175.39,166.21,167.41,168.8,173.86,24902,4215181.43,24-Feb-2026,805,INE133Y01011
1225IFL27,N0,9101,9101,9101,9101,9101,9075.5,1,9101.00,24-Feb-2026,1,INE01XO07017
IGARASHI,EQ,365.95,365.95,354,358.2,360,365.6,29108,10422449.40,24-Feb-2026,1652,INE188B01013
IIFLCAPS,EQ,313.5,314.15,298,300.05,300,313.9,573828,174098696.30,24-Feb-2026,9792,INE489L01022
IIFL,EQ,503,505.95,495.6,502.45,503.8,503.9,670293,335972763.70,24-Feb-2026,22911,INE530B01024
IKIO,EQ,146.4,146.76,142.05,142.8,142.55,146.92,72712,10451339.14,24-Feb-2026,1895,INE0LOJ01019
IL&FSENGG,BZ,23.5,24.05,22.06,24,24,23.08,49505,1177007.67,24-Feb-2026,63,INE369I01014
IVC,EQ,7.53,7.59,7.42,7.48,7.49,7.51,105405,788838.67,24-Feb-2026,769,INE050B01023
IL&FSTRANS,BZ,2.52,2.52,2.42,2.48,2.49,2.48,67100,165873.05,24-Feb-2026,78,INE975G01012
IMAGICAA,EQ,45.9,45.9,44.37,44.96,44.8,45.9,513440,23095906.40,24-Feb-2026,1843,INE172N01012
IMPEXFERRO,BZ,1.65,1.75,1.65,1.71,1.72,1.73,20025,33854.32,24-Feb-2026,51,INE691G01015
INCREDIBLE,EQ,36.76,36.76,35,35.37,35.77,36.58,1338,47721.54,24-Feb-2026,58,INE452L01012
IMPAL,EQ,1030.7,1059.5,1026,1045.1,1049,1036,1672,1745789.80,24-Feb-2026,332,INE547E01014
INDSWFTLAB,EQ,148,148.5,141.61,142.26,142.25,147.45,360737,52558608.89,24-Feb-2026,4427,INE915B01019
INDTERRAIN,EQ,32.9,33.39,31.69,32.61,32.82,31.85,21740,709450.32,24-Feb-2026,270,INE611L01021
INDBANK,EQ,36.2,36.2,34.99,35.97,35.9,35.79,70154,2505970.41,24-Feb-2026,2653,INE841B01017
BAJAJINDEF,EQ,256,256,250.2,251.2,254,252,8619,2171590.85,24-Feb-2026,246,INE0O9T01021
INDGN,EQ,483.2,484,470.15,479.8,481.4,483.2,558908,265950467.25,24-Feb-2026,15130,INE065X01017
INDIAGLYCO,EQ,937.1,938,921.8,928.8,930.5,939.85,37967,35195588.30,24-Feb-2026,2536,INE560A01023
INDNIPPON,EQ,834.9,857,822.55,827.9,832,834.95,42644,35934918.45,24-Feb-2026,3260,INE092B01025
IPL,EQ,156,157.5,152,153.16,153.5,157.78,126135,19391253.85,24-Feb-2026,2478,INE0D6701023
INDIASHLTR,EQ,719.1,723.7,709.55,714.15,717.95,719.1,96433,68983623.70,24-Feb-2026,6483,INE922K01024
ITDC,EQ,536.8,540,530.4,532.55,535.7,531.3,15736,8414691.30,24-Feb-2026,970,INE353K01014
IBULLSLTD,EQ,9.31,9.68,9,9.11,9.1,9.49,16256042,149508319.54,24-Feb-2026,7882,INE126M01010
INDIAMART,EQ,2205.1,2224,2177,2213,2220.1,2217.3,93148,205232567.90,24-Feb-2026,15421,INE933S01016
INDIANB,EQ,981,989.9,975.35,985.85,988,982.75,2141014,2104668733.05,24-Feb-2026,41313,INE562A01011
INDIANCARD,EQ,215.1,218.97,211.35,211.81,211.61,215.81,2858,608471.66,24-Feb-2026,167,INE061A01014
IEML,SM,80.45,80.7,76.6,77.45,77.8,81.1,27000,2108000.00,24-Feb-2026,29,INE0RRU01016
IEX,EQ,125.5,126.5,124.5,125.63,126.2,125.72,6405727,803721955.65,24-Feb-2026,39100,INE022Q01020
INDIANHUME,EQ,358,358.2,345,346.8,348.75,358.55,33926,11823183.45,24-Feb-2026,1335,INE323C01030
IMFA,EQ,1230,1253.5,1211,1245.1,1245,1234.8,96962,119381497.30,24-Feb-2026,8225,INE919H01018
IOC,EQ,176.99,181,176.51,180.19,180.51,176.46,22691029,4064837607.26,24-Feb-2026,149847,INE242A01010
IOB,EQ,36.7,37.35,36.13,36.48,36.5,36.52,14628676,537998901.70,24-Feb-2026,39221,INE565A01014
IPHL,SM,54,54,53.5,54,54,55.3,13200,708180.00,24-Feb-2026,9,INE0DHF01018
IRCTC,EQ,636.9,636.9,611.15,614.45,614.8,639.45,4217676,2625497233.10,24-Feb-2026,61663,INE335Y01020
IRFC,EQ,111.34,111.56,109.05,109.44,109.9,111.89,13884700,1528384346.52,24-Feb-2026,71006,INE053F01010
IREDA,EQ,126.28,127.6,124.65,126.01,126.2,127.23,6387831,804751137.87,24-Feb-2026,36820,INE202E01016
INDIFRA,SM,14.3,14.3,14.3,14.3,14.3,14.35,2000,28600.00,24-Feb-2026,1,INE0PS301014
INDIGOPNTS,EQ,947,953,940.5,948.3,949,950.9,42342,40103388.30,24-Feb-2026,3918,INE09VQ01012
INDIGRID,IV,164.63,164.75,163.98,164.49,164.45,164.42,962321,158292001.12,24-Feb-2026,24682,INE219X23014
INDIQUBE,EQ,177,177.91,172.5,174.02,174,178.25,16680,2900553.13,24-Feb-2026,577,INE06ST01018
INDOAMIN,EQ,112.89,112.89,107.62,109.06,109.95,112.86,68104,7445406.12,24-Feb-2026,1882,INE760F01028
INDOBORAX,EQ,244.56,245.26,243,243.11,243.52,244.56,50774,12363306.94,24-Feb-2026,338,INE803D01021
ICIL,EQ,282,283.55,261.4,266.14,269,281.66,1000918,272688324.61,24-Feb-2026,18989,INE483B01026
INDOFARM,EQ,143,143.19,138.43,141.3,142,143.19,178064,25027421.32,24-Feb-2026,3248,INE622H01018
INDORAMA,EQ,36.15,36.9,35.79,36.12,36.5,36.48,71342,2582636.33,24-Feb-2026,808,INE156A01020
INDOTECH,EQ,1559,1559,1500.2,1511.8,1520,1559.8,35673,54348803.80,24-Feb-2026,5154,INE332H01014
INDOTHAI,EQ,250,254.7,247.6,252.15,252,251.15,217885,54930206.03,24-Feb-2026,3507,INE337M01021
INDOUS,EQ,140.52,146.73,140.52,145.44,145,148.13,85127,12304821.86,24-Feb-2026,1812,INE250Z01010
NIPPOBATRY,EQ,339.05,350,331.05,333.85,331.25,339.45,1950,661708.75,24-Feb-2026,153,INE567A01028
INDOCO,EQ,202.2,214.19,199.5,203.11,206.05,199.81,293000,60818626.87,24-Feb-2026,5725,INE873D01024
IGCL,EQ,64.6,64.6,61.48,63.7,63.26,62.87,204560,12925226.49,24-Feb-2026,1013,INE05J901018
WAAREEINDO,BE,384.9,396.1,368.4,381.1,381.8,385.1,96404,36138163.80,24-Feb-2026,1159,INE866K01023
INDOSTAR,EQ,230.7,230.86,220,224.06,224,230.49,86489,19367866.22,24-Feb-2026,1820,INE896L01010
INDOWIND,EQ,9.93,10.38,9.61,9.66,9.7,9.93,614579,5971755.19,24-Feb-2026,1648,INE227G01018
IGL,EQ,170,171.45,168.22,170.16,170.05,169.9,2178514,370614331.30,24-Feb-2026,41632,INE203G01027
INDRAMEDCO,EQ,404.2,411.2,396.55,401.3,406,408.8,138930,56113799.05,24-Feb-2026,5112,INE681B01017
INDUSINVIT,IV,124.4,125.45,122,124.01,124,124,105968,13098305.92,24-Feb-2026,24844,INE0NHL23019
INDUSTOWER,EQ,469.9,473,464.05,469.9,471,472.2,5575559,2612308882.45,24-Feb-2026,90987,INE121J01017
INDUSINDBK,EQ,919.75,934.4,912,931.4,932,919.75,3079572,2853381319.15,24-Feb-2026,62431,INE095A01012
IITL,EQ,131.94,134.71,124.78,128.67,129,132,14071,1864134.81,24-Feb-2026,315,INE886A01014
INFINIUM,SM,217.75,217.75,210,210,210,209.5,1500,321875.00,24-Feb-2026,3,INE0MRE01011
INFLUX,SM,208,213.8,200,202.55,204.6,208.65,37800,7736700.00,24-Feb-2026,54,INE0MYZ01012
NAUKRI,EQ,1064,1064,1006.1,1017.9,1025.1,1069.7,3314462,3405201611.00,24-Feb-2026,109945,INE663F01032
INFOBEAN,EQ,883.4,890,821.4,828.75,836.55,883.8,374351,318044257.40,24-Feb-2026,14836,INE344S01016
INFOLLION,SM,336,336,315,315.1,315,326.65,8400,2692860.00,24-Feb-2026,17,INE0NNZ01013
INFOMEDIA,EQ,5.05,5.25,4.96,5,5.09,5.05,39468,201069.95,24-Feb-2026,110,INE669A01022
INFY,EQ,1301,1303.6,1264.1,1275.5,1280.2,1327.5,27839061,35569925009.70,24-Feb-2026,675579,INE009A01021
INGERRAND,EQ,3988,4076.4,3925.1,3955,3953.8,3988,21390,85507067.70,24-Feb-2026,4660,INE177A01018
INNOMET,SM,75.1,78,75.1,75.1,75.1,75.1,15000,1136370.00,24-Feb-2026,13,INE0S1D01010
INNOVACAP,EQ,683,684.95,668.8,671.8,672,683.8,18448,12430993.15,24-Feb-2026,1275,INE0DUT01020
INNOVANA,EQ,430,432.95,420,423.9,432,422.4,1471,620215.45,24-Feb-2026,106,INE403Y01018
ITTL,ST,74.05,74.05,74.05,74.05,74.05,72.6,105,7775.25,24-Feb-2026,1,INE070Y01023
INOXGREEN,EQ,176.25,178,171.53,175.76,176,176.92,555351,97095534.32,24-Feb-2026,8889,INE510W01014
INOXINDIA,EQ,1140,1159,1131.3,1155.2,1150.6,1143,23354,26826925.00,24-Feb-2026,3986,INE616N01034
INOXWIND,EQ,95.8,97.29,93.45,95.03,95.49,96.13,9395145,893808534.91,24-Feb-2026,29775,INE066P01011
INSECTICID,EQ,626.1,633.65,615.3,626.9,633,623.75,14972,9325137.55,24-Feb-2026,1484,INE070I01018
INSPIRISYS,BE,86,90.36,84.28,89,89,87.77,4863,420349.79,24-Feb-2026,48,INE020G01017
ESSENTIA,EQ,1.38,1.39,1.36,1.36,1.37,1.38,856665,1172392.79,24-Feb-2026,829,INE418N01035
INTEGRITY,SM,123.55,123.55,121.15,121.15,121.15,127.5,13200,1602060.00,24-Feb-2026,9,INE0YSH01017
INTELLECT,EQ,701.45,708,683,697,694.35,701.4,300914,208644302.10,24-Feb-2026,19428,INE306R01017
INTENTECH,EQ,112,112,98.36,100.99,101.05,108.98,230213,23438843.58,24-Feb-2026,2687,INE781A01025
INTERARCH,EQ,1910,1933.6,1862.2,1902.3,1895,1920.8,53718,102976010.00,24-Feb-2026,5420,INE00M901018
INDIGO,EQ,4812,4862.2,4806,4850.3,4859,4862.2,406380,1969502834.20,24-Feb-2026,43492,INE646L01027
INM,SM,183,183,181,181,181,185.25,1800,327300.00,24-Feb-2026,3,INE0OPC01015
IGIL,EQ,332.8,332.8,322.8,330,330,333.8,300926,98601036.35,24-Feb-2026,9740,INE0Q9301021
INTLCONV,EQ,79.15,80.76,77.65,78.05,77.78,79.15,24935,1965171.91,24-Feb-2026,794,INE575C01027
ISFT,EQ,78.3,79,71.77,72.96,72.9,78.3,22078,1642935.21,24-Feb-2026,579,INE566K01011
INVENTURE,EQ,1.12,1.13,1.08,1.09,1.1,1.12,897909,990063.40,24-Feb-2026,591,INE878H01024
IKS,EQ,1534.1,1541.8,1441.6,1456.1,1465,1540.2,445732,659201346.30,24-Feb-2026,37944,INE115Q01022
IVZINGOLD,EQ,13837.55,13837.6,13728.85,13796.45,13810,13687.85,492,6778531.35,24-Feb-2026,224,INF205K01361
IVZINNIFTY,EQ,2916.17,2916.9,2894.6,2904.33,2904.19,2929.36,58,168629.89,24-Feb-2026,15,INF205K01DA9
INVICTA,SM,64.1,64.1,64.1,64.1,64.1,65,1600,102560.00,24-Feb-2026,1,INE0XJ501010
IOLCP,EQ,73.01,73.01,71.4,71.86,71.4,73.19,446273,32075122.67,24-Feb-2026,2989,INE485C01029
IONEXCHANG,EQ,382.15,385.55,374,375.8,375,384.85,116062,44130726.70,24-Feb-2026,9328,INE570A01022
IPCALAB,EQ,1471.8,1544,1458,1515.3,1541,1473.7,150387,226026152.30,24-Feb-2026,12042,INE571A01038
IRB,EQ,40.19,40.4,39.65,40.16,40.34,40.26,5766178,230183178.88,24-Feb-2026,22834,INE821I01022
IRBINVIT,IV,61.42,61.73,61.3,61.49,61.46,61.42,553652,34048783.09,24-Feb-2026,6269,INE183W23014
IRCON,EQ,149.5,149.5,147.15,148.03,148.29,149.59,993091,146968656.84,24-Feb-2026,14608,INE962Y01021
IRISDOREME,EQ,31.95,33,31.95,32.45,32.33,32.66,441774,14375411.71,24-Feb-2026,555,INE01GN01025
IRIS,EQ,254.95,259.55,236.85,250.15,249.8,255.6,69049,16906125.65,24-Feb-2026,2528,INE864K01010
IRMENERGY,EQ,236.74,237.59,232,233.22,232.7,236.96,20076,4692648.27,24-Feb-2026,1564,INE07U701015
950ISF27A,N0,97797,97797,97797,97797,97797,97000,1,97797.00,24-Feb-2026,1,INE413U07392
950ISF27C,N0,9800,10000,9800,10000,10000,10000,5,49400.00,24-Feb-2026,2,INE413U07426
ISGEC,EQ,869.5,905,860,884.4,887.85,869.95,167305,148323620.15,24-Feb-2026,14606,INE858B01029
ISHANCH,EQ,61.97,63.06,59.4,61.56,62,62.75,29352,1780106.33,24-Feb-2026,192,INE561M01018
ISHAN,SM,0.7,0.7,0.65,0.65,0.65,0.7,528000,352800.00,24-Feb-2026,9,INE0LCW01025
ITALIANE,SM,43.2,43.4,40.5,41.1,41.1,41.6,34000,1423800.00,24-Feb-2026,17,INE0R7R01018
ITCHOTELS,EQ,180.9,180.9,177.65,179.64,180,180.86,1754106,313734940.77,24-Feb-2026,21968,INE379A01028
ITC,EQ,324,325.4,322.05,323.5,324.2,325.4,13135859,4249087939.95,24-Feb-2026,170638,INE154A01025
ITI,EQ,276,278.35,272.15,273.5,273.55,278.45,191152,52359611.90,24-Feb-2026,5953,INE248A01017
IVALUE,EQ,224,226.41,223.28,225.02,225,225.11,141575,31821791.67,24-Feb-2026,2333,INE056801025
IVP,EQ,137.05,140,136,137.92,138.1,140.05,2459,337920.47,24-Feb-2026,100,INE043C01018
IWARE,ST,265.1,272.9,265.1,271.45,270,274.4,7200,1948500.00,24-Feb-2026,6,INE1AII01014
IZMO,BE,800,844,780,806.7,808,820,40872,32776047.15,24-Feb-2026,1561,INE848A01014
J&KBANK,EQ,106,115.5,105.25,110.05,110.8,106.54,29853896,3320671436.43,24-Feb-2026,114478,INE168A01041
JBCHEPHARM,EQ,2032.3,2087.2,2030,2070.4,2076.8,2046.9,674076,1394365584.60,24-Feb-2026,28712,INE572A01036
JGCHEM,EQ,371.95,371.95,359.1,366.85,365.7,374.8,47301,17291889.05,24-Feb-2026,2074,INE0MB501011
JAGRAN,EQ,63,63.9,62.66,63.48,63.44,63.13,109950,6936522.26,24-Feb-2026,1859,INE199G01027
JAGSNPHARM,EQ,172.49,176.53,172.45,173.28,173,174.14,25876,4493345.40,24-Feb-2026,723,INE048B01035
JAIBALAJI,EQ,62,62.08,60.32,60.85,61.42,62.2,1152124,70171356.94,24-Feb-2026,14610,INE091G01026
JAICORPLTD,EQ,116,116,111.75,112.88,113.29,115.07,290708,32916874.93,24-Feb-2026,3641,INE070D01027
JISLDVREQS,EQ,23.21,23.8,22.12,22.25,22.25,22.77,18019,405685.27,24-Feb-2026,277,IN9175A01010
JISLJALEQS,EQ,35.3,35.57,34.45,34.84,35.15,35.4,1245495,43524316.53,24-Feb-2026,5368,INE175A01038
JAINREC,EQ,380,380,367.15,369.05,369,379.4,747641,277091913.35,24-Feb-2026,22503,INE0YD401026
JAINAM,SM,209,209.05,207.5,209.05,209.05,218.4,44500,9298875.00,24-Feb-2026,11,INE02KC01010
JAINIK,SM,126.1,126.1,126.1,126.1,126.1,127,2400,302640.00,24-Feb-2026,2,INE0XIL01012
JPASSOCIAT,BE,3.15,3.15,2.95,3.06,3.08,3.06,4296368,13029720.83,24-Feb-2026,2600,INE455F01025
JPPOWER,EQ,14.55,14.57,14.21,14.39,14.49,14.51,25300028,362706119.03,24-Feb-2026,21703,INE351F01018
JALAN,SM,3,3,3,3,3,3.15,9000,27000.00,24-Feb-2026,3,INE349X01015
JAMNAAUTO,EQ,138.5,144.45,137.24,142.9,144.45,138.41,6548755,920359485.03,24-Feb-2026,57748,INE039C01032
JSFB,EQ,378.15,380,361.1,370.9,371,378.25,413108,151203190.70,24-Feb-2026,10930,INE953L01027
JARO,EQ,440,444.9,427.45,437.35,438,443,131459,57104393.10,24-Feb-2026,3987,INE00YJ01010
JASH,EQ,408,408,388.25,394.65,396.45,397.1,81547,32193758.45,24-Feb-2026,5002,INE039O01029
JAYBEE,SM,80.75,81,77.05,79.5,79.5,80.85,34500,2740200.00,24-Feb-2026,52,INE0SMY01017
JAYBARMARU,EQ,106.51,108.4,102.51,104.46,104.8,106.62,185366,19391419.96,24-Feb-2026,2544,INE571B01036
KORE,SM,120.5,120.5,120.5,120.5,120.5,126.8,250,30125.00,24-Feb-2026,1,INE0J6801010
JAYAGROGN,EQ,176.61,177.29,173.5,175.18,177.29,176.61,4419,774924.43,24-Feb-2026,280,INE785A01026
JAYNECOIND,EQ,78,78.25,76.79,77.56,77.75,78.28,2845933,220146274.27,24-Feb-2026,10138,INE854B01010
JAYESH,SM,145.5,145.5,145.05,145.05,145.05,149,2000,290550.00,24-Feb-2026,2,INE1AE401014
JAYKAY,EQ,151,154,150,150.87,150.19,151.57,78780,11949981.26,24-Feb-2026,1147,INE903A01025
JAYSREETEA,EQ,82,83.01,81.01,81.77,81.79,82.08,15234,1249022.14,24-Feb-2026,624,INE364A01020
JBMA,EQ,565,567.95,553,556.5,561.95,567.55,177928,99365473.55,24-Feb-2026,8921,INE927D01051
JSLL,EQ,677.95,677.95,653.85,660.6,660,671.3,148608,98473497.50,24-Feb-2026,8595,INE0J5801029
JETFREIGHT,BE,18.42,18.42,17.8,18.14,18.14,18.24,26607,479909.60,24-Feb-2026,75,INE982V01025
JEYYAM,SM,36.5,37.5,35.75,37,37,36.4,40000,1465000.00,24-Feb-2026,16,INE0RXB01022
JFLLIFE,SM,10.9,10.9,10.9,10.9,10.9,10.4,6000,65400.00,24-Feb-2026,1,INE0LA901015
JHS,EQ,9.95,10.21,9.6,9.68,9.7,9.94,58785,572484.52,24-Feb-2026,384,INE544H01014
RETAIL,EQ,23.89,24.89,23.88,23.92,23.88,24.02,343,8311.55,24-Feb-2026,13,INE03DD01011
JPOLYINVST,EQ,1288.35,1299.45,1272.6,1277.25,1275,1289.95,18036,23055717.05,24-Feb-2026,1897,INE147P01019
JINDRILL,EQ,462.6,468.65,455.55,464.95,466.5,462.6,46652,21594316.55,24-Feb-2026,2119,INE742C01031
JINDALPHOT,EQ,1351,1360.2,1317,1322.2,1343,1350.6,6665,8892438.50,24-Feb-2026,805,INE796G01012
JINDALPOLY,EQ,532.55,557,515,552.7,543.35,531.25,359464,194660109.75,24-Feb-2026,10196,INE197D01010
JINDALSAW,EQ,178.5,178.72,173.97,175.69,176.4,179.3,1074736,189094836.30,24-Feb-2026,13660,INE324A01032
JSL,EQ,796,814.95,788,793.65,793,795.2,1700672,1355463438.30,24-Feb-2026,34120,INE220G01021
JINDALSTEL,EQ,1216.6,1240,1211.1,1233.3,1234.2,1216.6,1023225,1254934559.40,24-Feb-2026,25492,INE749A01030
JINDWORLD,EQ,26.63,26.9,24.41,24.89,25.05,25.68,577772,14518181.02,24-Feb-2026,3020,INE247D01039
JKIPL,EQ,66,67.38,65.55,66.73,66.8,66.96,23051,1532737.35,24-Feb-2026,496,INE1FF001016
JIOFIN,EQ,257.2,257.2,253.2,255.25,255.9,257.8,10953963,2795798160.80,24-Feb-2026,79647,INE758E01017
JITFINFRA,BE,380,389,355.55,382.4,387.8,371.45,54614,20841343.35,24-Feb-2026,1017,INE863T01013
JIWANRAM,SM,5.4,5.4,5,5.2,5,5.4,18000,94800.00,24-Feb-2026,3,INE0N5H01017
JKCEMENT,EQ,5750,5778.5,5575,5626,5644.5,5784,119897,674340075.00,24-Feb-2026,16172,INE823G01014
JKLAKSHMI,EQ,728.95,728.95,715,719.9,725,728,119154,85766432.90,24-Feb-2026,6726,INE786A01032
JKPAPER,EQ,336.85,339.2,335,338.1,337.1,339.35,89158,30019759.50,24-Feb-2026,4395,INE789E01012
JKTYRE,EQ,532.55,542.75,530.05,534.75,532.4,532.55,1309710,701913154.55,24-Feb-2026,47336,INE573A01042
JKIL,EQ,550,556.6,543,547.6,545.05,554,68835,37800978.70,24-Feb-2026,5452,INE576I01022
JMFINANCIL,EQ,134.26,135,131.26,132.88,133.57,134.72,1260677,167397436.85,24-Feb-2026,14789,INE780C01023
JNKINDIA,EQ,245.16,253.99,242.01,244.97,245,245.16,163115,40352716.82,24-Feb-2026,3201,INE0OAF01028
JOCIL,EQ,135,135,132,132.06,133.8,133.63,198,26329.78,24-Feb-2026,17,INE839G01010
JSWCEMENT,EQ,125,128,123.61,127.48,127.01,125.09,2605890,328432157.05,24-Feb-2026,28659,INE718I01012
JSWENERGY,EQ,485,493,479.75,490.25,490.5,486.4,1388776,673825348.10,24-Feb-2026,29252,INE121E01018
JSWHL,EQ,17160,17199,16852,17166,17199,17274,1363,23201297.00,24-Feb-2026,634,INE824G01012
JSWINFRA,EQ,260.1,261.2,253.3,256.5,256.7,258.85,1151365,295159581.90,24-Feb-2026,20998,INE880J01026
JSWSTEEL,EQ,1230.2,1259,1230.2,1254.5,1256.2,1240.5,1515571,1894010467.00,24-Feb-2026,48447,INE019A01038
JTEKTINDIA,EQ,136,137.3,135.15,136.09,135.56,137.35,50754,6909080.84,24-Feb-2026,1261,INE643A01035
JTLIND,EQ,65.9,65.9,62.91,63.77,63,64.84,1056229,67526660.40,24-Feb-2026,4093,INE391J01032
JUBLCPL,EQ,1839.3,1895,1832.1,1857.3,1895,1848.5,1190,2205661.20,24-Feb-2026,277,INE03CC01015
JUBLFOOD,EQ,535,535.05,513.65,518.9,521.2,536.1,3283010,1704804175.35,24-Feb-2026,36386,INE797F01020
JUBLINGREA,EQ,608.5,608.5,592,602.45,603.9,608.6,169531,101419882.00,24-Feb-2026,9901,INE0BY001018
JUBLPHARMA,EQ,900,900,867.2,879,877.8,901,173438,152405078.60,24-Feb-2026,12938,INE700A01033
JMA,EQ,91.5,91.5,88.02,90.1,90.2,89.88,6224,560055.73,24-Feb-2026,155,INE412C01023
JUNIPER,EQ,216.8,222.01,211.35,215.03,215.01,217.81,223235,47969142.68,24-Feb-2026,5427,INE696F01016
JLHL,EQ,1230,1299,1225.9,1284.5,1274.2,1227.3,20122,25429615.30,24-Feb-2026,3228,INE682M01012
JWL,EQ,285.55,289.45,281.8,284.05,283.4,289.65,609821,173556754.25,24-Feb-2026,11764,INE209L01016
JUSTDIAL,EQ,597.65,598,580,584.8,586.85,599.75,201338,117868688.75,24-Feb-2026,13116,INE599M01018
JYOTHYLAB,EQ,251.87,258.9,246.2,255.77,257,251.87,960796,243484897.24,24-Feb-2026,25501,INE668F01031
JYOTICNC,EQ,860,860,841.65,848.05,848.7,859.65,112211,95026735.50,24-Feb-2026,7662,INE980O01024
JYOTIGLOBL,SM,46,46,45.8,45.8,45.8,46.9,4000,183600.00,24-Feb-2026,2,INE1M3T01017
JYOTISTRUC,EQ,12.48,12.74,12.26,12.41,12.4,12.38,10165150,126719910.49,24-Feb-2026,9689,INE197A01024
KMSUGAR,EQ,24.42,24.73,24.01,24.12,24.18,24.67,53833,1309170.49,24-Feb-2026,397,INE157H01023
KPEL,EQ,295,295,287.05,289.2,290,296.2,187285,54273801.45,24-Feb-2026,4891,INE127T01021
K2INFRA,SM,53.5,54.05,50.5,51,51,53.1,22200,1158750.00,24-Feb-2026,30,INE0DEZ01013
KABRAEXTRU,EQ,266.55,270.4,255.34,266.63,269.45,266.55,56427,14834578.17,24-Feb-2026,1625,INE900B01029
KKJEWELS,SM,90,91,88,88.5,89,90,14000,1261450.00,24-Feb-2026,12,INE0XOW01017
KAJARIACER,EQ,988,992.95,944.8,949.6,950,995.1,145983,140646731.55,24-Feb-2026,14747,INE217B01036
KAKATCEM,EQ,114.15,117.5,113,113.08,113.01,114.36,4423,507802.08,24-Feb-2026,79,INE437B01014
KALANA,SM,15.1,15.9,15.1,15.25,15.25,15.9,12000,186200.00,24-Feb-2026,6,INE0T0L01014
KALPATARU,EQ,346.6,346.6,334,337,335,339,312616,105354001.20,24-Feb-2026,1100,INE227J01012
KPIL,EQ,1192.9,1208.5,1175.5,1205.4,1205,1187,288392,344641076.20,24-Feb-2026,21985,INE220B01022
KALYANKJIL,EQ,400.35,409.7,399.05,406.9,408.5,402.15,3592400,1448669493.50,24-Feb-2026,43175,INE303R01014
KALYANIFRG,EQ,640.05,640.05,615.3,621.5,626.3,638.8,960,595333.95,24-Feb-2026,154,INE314G01014
KICL,EQ,4921.5,4939,4835.9,4890.4,4885,4946.2,1682,8206938.70,24-Feb-2026,455,INE029L01018
KSL,EQ,733.5,737.45,723,729.7,727,738.65,14467,10565008.65,24-Feb-2026,948,INE907A01026
KAMATHOTEL,EQ,185,187.99,184,186.59,186.2,186.4,39418,7314011.47,24-Feb-2026,651,INE967C01018
KAMDHENU,EQ,21.1,21.71,21,21.55,21.7,21.29,832528,17797559.97,24-Feb-2026,1863,INE390H01020
KAMOPAINTS,EQ,4.46,4.5,4.28,4.32,4.34,4.48,822897,3589156.22,24-Feb-2026,1745,INE0BTI01037
KANANIIND,EQ,1.55,1.56,1.49,1.52,1.53,1.54,154217,234208.50,24-Feb-2026,294,INE879E01037
KANDARP,SM,153,159.75,150,159.75,159.75,155,9000,1392600.00,24-Feb-2026,5,INE0MOT01016
KANORICHEM,EQ,73.11,74.01,71,71.59,71.05,74.12,8429,609499.75,24-Feb-2026,195,INE138C01024
KANPRPLA,EQ,194.06,195.02,186.01,187.31,186.79,193.49,8664,1649105.35,24-Feb-2026,428,INE694E01014
KANSAINER,EQ,199.79,199.79,196.9,197.66,198,199.64,162314,32152279.31,24-Feb-2026,7267,INE531A01024
KAPSTON,BE,391.5,407,390,394.1,396.25,392.1,8730,3467002.25,24-Feb-2026,193,INE542Z01028
KARMAENG,EQ,46.98,46.98,43.55,43.89,44,45.58,3628,161191.59,24-Feb-2026,73,INE725L01011
KTKBANK,EQ,201,204.4,199.2,202.92,202.6,201.78,2017131,406593094.58,24-Feb-2026,18320,INE614B01018
KARNIKA,SM,131,145,119.5,144.15,134,132.25,242000,31985300.00,24-Feb-2026,60,INE0MGA01012
KARURVYSYA,EQ,325.55,339,322.75,336.05,337.45,325.55,6851485,2290848813.70,24-Feb-2026,71706,INE036D01028
KATARIA,SM,105.8,106.15,103.25,105.15,103.25,105.25,31200,3280740.00,24-Feb-2026,39,INE0SVY01018
KAUSHALYA,EQ,870,870,830.3,850,850,854,57,48001.40,24-Feb-2026,26,INE234I01028
KLL,SM,41.95,41.95,40.9,41.7,41.7,41.25,4000,166760.00,24-Feb-2026,4,INE0Q2V01012
KSCL,EQ,835,838,800,801.85,801.4,823.8,133000,107795333.35,24-Feb-2026,6922,INE455I01029
KAVDEFENCE,BE,65.15,67.2,63,66.44,66.2,65.61,61690,4029209.47,24-Feb-2026,600,INE641C01019
KCEIL,SM,120,126.5,120,123.75,123.75,124.1,15500,1891600.00,24-Feb-2026,25,INE0RCG01017
KAYA,EQ,324.65,325.95,313.7,316.65,316.1,324.75,4634,1468795.30,24-Feb-2026,271,INE587G01015
KAYNES,EQ,3785,3868,3745.9,3838.6,3860,3799.5,893784,3391585282.00,24-Feb-2026,50485,INE918Z01012
KAYTEX,SM,67.85,70,67.85,69.75,70,67.85,7200,498280.00,24-Feb-2026,9,INE13ZD01013
KCK,SM,24.2,25.5,23.15,25.25,25.25,24.2,137500,3429125.00,24-Feb-2026,26,INE0J1E01027
KCP,EQ,162,163.72,159.01,161.86,163.72,161.9,107677,17261606.17,24-Feb-2026,1606,INE805C01028
KCPSUGIND,EQ,21.9,22.54,21.9,22.27,22.2,22.19,135109,2989172.64,24-Feb-2026,511,INE790B01024
KDDL,EQ,2400,2426.8,2331.6,2349.2,2350,2411.9,22817,53697018.90,24-Feb-2026,2832,INE291D01011
KEC,EQ,582.95,592.8,574.55,590.7,592,582.65,699611,408146934.00,24-Feb-2026,28067,INE389H01022
KEI,EQ,4760.1,4823,4711.1,4781,4820,4765.7,309101,1479295736.90,24-Feb-2026,25258,INE878B01027
KELLTONTEC,EQ,20,20.09,19.4,19.93,19.98,19.96,2546649,50249580.79,24-Feb-2026,6448,INE164B01030
KEN,SM,39.75,41,39.75,40.8,41,39.2,20400,828660.00,24-Feb-2026,16,INE15DO01012
KERNEX,EQ,1107.6,1107.7,1079,1103.3,1104.9,1098.9,64296,70225940.50,24-Feb-2026,4547,INE202H01019
KESORAMIND,BE,9.2,9.2,8.75,8.97,8.98,9.03,478948,4288973.46,24-Feb-2026,1214,INE087A01019
KKCL,EQ,507.05,507.05,497.8,503.65,504.2,507.05,24129,12113507.15,24-Feb-2026,829,INE401H01017
KEYFINSERV,EQ,294.05,297.75,277.5,281.45,282.8,288.9,4312,1227569.20,24-Feb-2026,365,INE681C01015
RUSTOMJEE,EQ,445.1,451.85,427.35,437.15,438.35,452.05,52602,23095562.55,24-Feb-2026,5666,INE263M01029
KFINTECH,EQ,1009,1009.5,988,1001.3,1002.5,1011.3,782889,781358812.00,24-Feb-2026,18837,INE138Y01010
KHADIM,EQ,135,138.49,134.33,136.32,135,136.79,52059,7102254.93,24-Feb-2026,1565,INE834I01025
KHAITANLTD,EQ,94.8,103.39,90.21,91.84,92,95.03,4631,428917.34,24-Feb-2026,225,INE731C01018
KHAICHEM,EQ,58.75,59.78,57.6,58.53,59.78,58.72,104821,6094028.79,24-Feb-2026,1340,INE745B01028
KHANDSE,EQ,17.85,17.85,17.25,17.32,17.6,17.68,2096,36573.38,24-Feb-2026,48,INE060B01014
KHFM,SM,64,67.45,64,67.45,67.45,67,3100,203747.50,24-Feb-2026,2,INE00UG01014
KILITCH,EQ,323.25,331,312,320.1,324,324.3,21723,6972871.55,24-Feb-2026,614,INE729D01010
KINGFA,EQ,4000.1,4190,3986,4172.6,4190,4027.7,5544,22839226.00,24-Feb-2026,967,INE473D01015
KIOCL,EQ,333,338,329,334.1,333.75,335,131303,43673118.80,24-Feb-2026,6242,INE880L01014
KIRIINDUS,EQ,453.95,460.85,450.05,456.3,456,455.75,263923,119766170.85,24-Feb-2026,4890,INE415I01015
KIRLOSBROS,EQ,1604.5,1618,1560,1565.4,1570.2,1616.2,49204,77766205.90,24-Feb-2026,7443,INE732A01036
KECL,EQ,91.39,91.39,88.71,89.29,89.75,91.73,103188,9241889.51,24-Feb-2026,1523,INE134B01017
KIRLOSIND,EQ,2968.7,2990,2819.9,2850.9,2860,2968.7,9495,27359141.00,24-Feb-2026,1565,INE250A01039
KIRLOSENG,EQ,1403,1417.2,1361,1392.8,1384,1397.6,150058,208262831.50,24-Feb-2026,11488,INE146L01010
KIRLPNU,EQ,1138,1145.3,1122.4,1136,1126.5,1145.6,71185,80237035.40,24-Feb-2026,3522,INE811A01020
KITEX,EQ,193,193.27,188.02,189.9,190.42,194.25,1158202,219975772.53,24-Feb-2026,7391,INE602G01020
KNAGRI,EQ,191,191,180,180.85,180.25,181.87,13840,2538576.72,24-Feb-2026,361,INE0KNW01016
KMEW,EQ,1551.9,1615,1536.3,1567.6,1567,1552,84420,133123770.50,24-Feb-2026,7844,INE0CJD01029
KRT,RR,125.8,125.8,124,124.55,124.41,125.16,568682,70841974.11,24-Feb-2026,35382,INE1JAR25012
KNRCON,EQ,137.6,137.6,133.85,135.32,135.9,138.24,1114637,150573896.23,24-Feb-2026,18389,INE634I01029
KODYTECH,ST,900,900,882.1,882.1,882.1,900.1,800,707470.00,24-Feb-2026,8,INE0Q7P01013
KOHINOOR,EQ,25.8,25.8,24.1,24.61,24.4,25.28,107254,2630929.82,24-Feb-2026,2222,INE080B01012
KOKUYOCMLN,EQ,84,84.51,81.45,81.96,82,84,33031,2729715.21,24-Feb-2026,525,INE760A01029
KOLTEPATIL,EQ,360,365.05,357.35,362,365.05,362.7,46000,16603116.80,24-Feb-2026,1826,INE094I01018
KONSTELEC,SM,39.95,39.95,39.9,39.9,39.9,41.95,3000,119800.00,24-Feb-2026,3,INE0QEI01011
KONTOR,SM,81.5,81.5,79,80,80,81.95,11400,919740.00,24-Feb-2026,16,INE0KZ301010
KOPRAN,EQ,128,130.83,127.16,128.62,129,128.97,161969,20914908.07,24-Feb-2026,2093,INE082A01010
KDL,ST,137.05,138.55,135.6,135.8,136,138.55,10350,1414147.50,24-Feb-2026,41,INE0O4R01018
GOLD1,EQ,131.32,133.05,131.32,132.14,132.16,131.25,3485000,460430797.72,24-Feb-2026,9340,INF174KA1HJ8
KOTAKBANK,EQ,430.9,432.45,425.8,427.7,428,430.7,15016915,6441408362.25,24-Feb-2026,159186,INE237A01036
NIFTY1,EQ,282.97,283.03,279.58,280.56,281.1,283.86,408060,114549593.77,24-Feb-2026,2292,INF174K014P6
PSUBANK,EQ,978.37,994.9,970.88,981.35,972.66,978.24,180967,177780533.76,24-Feb-2026,2231,INF373I01023
CHEMICAL,EQ,28.15,28.15,27.6,27.81,27.87,28.14,332446,9241378.62,24-Feb-2026,1520,INF174KA1XV0
ALPHA,EQ,48.51,48.98,48.26,48.62,48.7,48.94,1053317,51075642.15,24-Feb-2026,3130,INF174KA1IA5
CONS,EQ,120.22,120.22,118.99,119.59,119.81,120.25,8150,973476.55,24-Feb-2026,157,INF174KA1JE5
IT,EQ,34.75,34.75,32.91,33.14,33.26,34.78,2706235,90213661.86,24-Feb-2026,6395,INF174KA1GC5
LIQUID1,EQ,1092.6,1092.62,1092.6,1092.6,1092.61,1092.46,405297,442829884.47,24-Feb-2026,528,INF174KA1LV5
LOWVOL1,EQ,21.6,21.65,21.47,21.53,21.51,21.67,122734,2643801.50,24-Feb-2026,201,INF174KA1IY5
MIDCAP,EQ,166.39,172.77,166.39,171.06,171.99,171.54,49962,8498590.20,24-Feb-2026,1165,INF174KA1IB3
MNC,EQ,32.27,32.5,32.14,32.4,32.29,32.3,83818,2707859.09,24-Feb-2026,561,INF174KA1JF2
SILVER1,EQ,253.55,256.56,251.08,253.67,253.84,253.55,1675889,425217063.21,24-Feb-2026,11075,INF174KA1KU9
NV20,EQ,152.84,155.09,150.97,151.78,155.09,153.28,17035,2582410.52,24-Feb-2026,409,INF174K01Z71
MID150,EQ,22.07,22.6,21.92,22.26,22.39,22.15,54177,1196015.14,24-Feb-2026,296,INF174KA1VW2
MOMENTUM30,EQ,31.49,31.57,31.28,31.51,31.55,31.59,20489,641593.75,24-Feb-2026,58,INF174KA1XS6
MSCIINDIA,EQ,30.49,30.52,30.24,30.45,30.37,30.67,15013,456461.67,24-Feb-2026,100,INF174KA1VD2
NEXT50ETF,EQ,70.45,70.45,68.63,68.93,69,70.1,14953,1038950.06,24-Feb-2026,79,INF174KA1YO3
NIFTY100EW,EQ,34.77,34.77,34,34.32,34.5,34.39,194557,6650598.20,24-Feb-2026,443,INF174KA1UW4
QUALITY30,EQ,20.5,20.5,20.25,20.45,20.4,20.84,37869,771569.29,24-Feb-2026,154,INF174KA1WT6
BANKNIFTY1,EQ,637.73,637.73,628.27,631.54,632.15,632.73,11066,6990819.52,24-Feb-2026,676,INF174K01F59
KOTHARIPET,EQ,119.56,121.08,117.47,118.1,118.37,120.49,26241,3118378.36,24-Feb-2026,768,INE720A01015
KOTHARIPRO,EQ,69.9,69.91,66.01,67.79,67.3,69.86,50243,3376020.22,24-Feb-2026,930,INE823A01017
KOTARISUG,EQ,24.69,25.39,24.16,24.6,24.69,24.69,25945,638858.07,24-Feb-2026,279,INE419A01022
KOTYARK,SM,236.6,241.9,235.85,240.6,241.5,239.6,13800,3309070.00,24-Feb-2026,67,INE0J0B01017
KPIGREEN,EQ,392,392,380.65,385.7,388.8,394.2,739620,285730770.35,24-Feb-2026,19266,INE542W01025
KPITTECH,EQ,809,809.3,758,760.5,760,812.7,3617378,2796692146.30,24-Feb-2026,91865,INE04I401011
KPRMILL,EQ,915,928,896.4,920.15,915,921.55,488991,445061403.40,24-Feb-2026,25348,INE930H01031
KRBL,EQ,359,359,347.55,351.85,353.9,359.3,269396,94891848.40,24-Feb-2026,7098,INE001B01026
KREBSBIO,EQ,60,61,57.1,57.9,57.9,58.54,1148,66876.23,24-Feb-2026,35,INE268B01013
KRIDHANINF,EQ,3.43,3.5,3.42,3.47,3.47,3.49,31422,108775.38,24-Feb-2026,77,INE524L01026
KRISHANA,EQ,503.1,505.6,493.6,498.85,503,505.55,32287,16097880.75,24-Feb-2026,1552,INE506W01012
KRISHCA,SM,178,178,176,176.2,176.2,170.5,6500,1150325.00,24-Feb-2026,13,INE0NR701018
KRISHIVAL,EQ,325.65,325.65,310,317.8,320,321.95,16159,5109867.05,24-Feb-2026,864,INE0GGO01015
KRISHPP,E1,108,112.95,108,110.95,110.95,112.7,103,11131.90,24-Feb-2026,3,IN90GGO01013
KRISHNADEF,EQ,1045.3,1057,985.1,1001.6,1009,1037,151517,152471181.30,24-Feb-2026,8895,INE0J5601015
KIMS,EQ,715,740,709.65,735.85,732.7,717.45,609994,443360024.45,24-Feb-2026,22289,INE967H01025
KRITI,EQ,84.99,84.99,80.1,84.48,84.49,81.66,19395,1591326.06,24-Feb-2026,806,INE479D01038
KRITINUT,EQ,70.03,71.4,68.2,68.28,68.5,69.94,11444,794214.84,24-Feb-2026,306,INE798K01010
KRITIKA,EQ,6.32,6.4,5.63,6.11,6.21,6.32,272849,1649299.96,24-Feb-2026,953,INE00Z501029
KRMAYURVED,SM,211.9,211.9,208.5,209,209.5,216.6,12000,2511900.00,24-Feb-2026,12,INE1MTV01019
KRN,EQ,925,957.8,905.3,946.25,951,921,8760281,8165377959.20,24-Feb-2026,186083,INE0Q3J01015
KRONOX,EQ,121,121,116.05,116.96,116.75,119.31,43570,5109307.30,24-Feb-2026,966,INE0ATZ01017
KROSS,EQ,200.1,202,196.9,198.97,199,201.01,210997,41920129.11,24-Feb-2026,4357,INE0O6601022
KRSNAA,EQ,640,644,622,627.45,644,637.9,36244,22853631.80,24-Feb-2026,2700,INE08LI01020
KRYSTAL,EQ,631.3,637.45,625,625.05,625,631.3,15034,9401707.85,24-Feb-2026,439,INE0QN801017
KSB,EQ,725.85,747,705,710.4,710,725.85,166035,119051106.60,24-Feb-2026,6343,INE999A01023
KSHINTL,EQ,365.15,370.7,359.2,361.25,364,372.7,109781,39823874.50,24-Feb-2026,3946,INE987S01020
KSHITIJPOL,BE,2.77,2.89,2.64,2.75,2.8,2.77,299253,812632.95,24-Feb-2026,270,INE013801027
KSOLVES,EQ,313.25,315.8,300,304.4,308.5,313.25,45726,13979588.85,24-Feb-2026,2068,INE0D6I01023
KSR,BE,30.5,30.95,29.45,29.45,29.45,30.99,22305,662750.72,24-Feb-2026,181,INE1SPP01016
KUANTUM,EQ,89.1,90.5,87.84,88.24,87.9,89.61,32689,2906968.83,24-Feb-2026,436,INE529I01021
KWIL,BE,26.5,26.85,25.7,26.21,26,26.95,19705896,516166676.72,24-Feb-2026,34464,INE2KCE01013
LTF,EQ,299.65,299.65,295.05,297.45,299,299.65,3623378,1077390373.90,24-Feb-2026,39572,INE498L01015
LTTS,EQ,3388.4,3402.2,3140,3148.6,3158.8,3439.4,534886,1725217887.10,24-Feb-2026,61141,INE010V01017
LAOPALA,EQ,208.35,212.19,206.3,208.33,207.9,209.89,113130,23712175.88,24-Feb-2026,3713,INE059D01020
LAGNAM,EQ,73,77.55,73,74.11,74.54,74.48,1508,111929.85,24-Feb-2026,46,INE548Z01017
LFIC,EQ,136.99,136.99,126.1,128.57,128.1,131.52,1199,156172.79,24-Feb-2026,122,INE850E01012
LAKPRE,BZ,4.76,4.76,4.75,4.76,4.76,4.99,1818,8641.54,24-Feb-2026,20,INE651C01018
LAKSHYA,SM,109.05,111,109.05,111,111,112.25,1600,176040.00,24-Feb-2026,2,INE0VZS01015
LAMBODHARA,EQ,111.19,112,105.21,106.6,106.82,111.2,8838,947992.03,24-Feb-2026,290,INE112F01022
LAMOSAIC,SM,25.1,26.9,25,26.85,26.9,26.95,10800,274980.00,24-Feb-2026,17,INE0R0201012
LANCORHOL,BE,26.65,27.3,25.55,25.87,26,26.67,22282,579916.24,24-Feb-2026,66,INE572G01025
LANDMARK,EQ,433.5,433.5,410.45,412.8,414,433.5,32946,13760738.55,24-Feb-2026,2208,INE559R01029
LPDC,EQ,6.08,6.38,6,6.06,6.1,6.27,22338,136683.46,24-Feb-2026,203,INE197J01017
LT,EQ,4415.5,4440,4228.1,4259.2,4271,4418.1,3673070,15856802500.60,24-Feb-2026,166929,INE018A01030
LASA,EQ,8.3,8.3,7.76,8.26,8.3,8.04,36657,300719.45,24-Feb-2026,213,INE670X01014
LATENTVIEW,EQ,348,349.4,339,345.2,344.4,350.4,611748,209536506.85,24-Feb-2026,24217,INE0I7C01011
LATTEYS,EQ,22.2,22.72,21.5,21.92,22.19,22.2,38036,840817.50,24-Feb-2026,304,INE262Z01023
LAURUSLABS,EQ,1017.05,1034.8,996.9,1028.5,1031.05,1017.05,1411849,1439576540.50,24-Feb-2026,42060,INE947Q01028
LAXMICOT,BE,18.8,19,17.88,17.88,17.88,18.82,86186,1575834.37,24-Feb-2026,342,INE801V01019
LAXMIDENTL,EQ,192.6,192.6,185.71,187.56,186,192.9,141013,26526768.88,24-Feb-2026,3296,INE0WO601020
LGHL,EQ,283.45,284.55,278.3,281.05,281.25,282.1,60258,16987578.90,24-Feb-2026,648,INE258Y01016
LAXMIINDIA,EQ,97.81,97.81,93.21,93.74,93.95,97.33,203998,19260047.86,24-Feb-2026,2828,INE06WU01026
LXCHEM,EQ,135.73,136,130.93,132.33,132.53,135.73,464959,61721251.45,24-Feb-2026,9450,INE576O01020
LCCINFOTEC,BE,4.7,5.12,4.7,4.7,4.7,4.94,20130,95362.62,24-Feb-2026,39,INE938A01021
LEMERITE,EQ,464.45,464.45,451.45,456.3,456.9,453.8,18391,8375936.65,24-Feb-2026,430,INE0G1L01017
IXIGO,EQ,177.6,182.49,163,164.4,164.05,179.25,5213189,873132231.72,24-Feb-2026,85079,INE0HV901016
THELEELA,EQ,430,440.3,430,437.8,439,437.25,70834,30807406.50,24-Feb-2026,7183,INE0AQ201015
LEMONTREE,EQ,116.1,116.87,112.9,113.67,114.46,116.93,5270044,599338972.45,24-Feb-2026,54221,INE970X01018
LENSKART,EQ,485,490.6,480.7,484.5,484.1,485.2,1645847,799655585.55,24-Feb-2026,46900,INE956O01016
LEXUS,BE,36.01,38.9,35.97,38.24,37.6,37.86,60534,2237099.63,24-Feb-2026,225,INE500X01013
LGBBROSLTD,EQ,1903.2,1935.9,1862.8,1928.5,1932,1905.6,46658,89119395.80,24-Feb-2026,6933,INE337A01034
LGEINDIA,EQ,1557,1575,1549,1568.1,1565,1557.3,465462,727624198.60,24-Feb-2026,42988,INE324D01010
LIBAS,EQ,10.42,10.42,10.01,10.13,10.1,10.2,28718,290767.51,24-Feb-2026,129,INE908V01012
LIBERTSHOE,EQ,247.45,247.45,241.1,242.74,242.8,247.46,7076,1722671.94,24-Feb-2026,372,INE557B01019
LICHSGFIN,EQ,523.95,533,521.7,532.05,532.2,524.85,1604626,848620526.05,24-Feb-2026,33488,INE115A01026
LICMFGOLD,EQ,14200,14330,14066.6,14212.6,14225,14057.6,2397,34067480.95,24-Feb-2026,779,INF397L01554
LICNETFN50,EQ,284.47,286.1,282.72,283.14,284,285.74,334,94851.15,24-Feb-2026,32,INF767K01OS7
LICNFNHGP,EQ,285,285.29,283.5,285,285,286.36,190,54130.16,24-Feb-2026,11,INF767K01PC8
LICNETFGSC,EQ,28.72,28.88,28.72,28.83,28.87,28.84,66794,1925415.74,24-Feb-2026,116,INF767K01MV5
LICNMID100,EQ,59.55,59.55,58.8,59.48,59.55,59.29,23562,1394399.12,24-Feb-2026,114,INF767K01RN1
LICI,EQ,882,886,872,882,885,883.25,1383677,1217136622.90,24-Feb-2026,34696,INE0J1Y01017
LIKHITHA,EQ,153.32,154.08,150.31,151.31,151,153.32,44172,6721156.71,24-Feb-2026,1603,INE060901027
LINC,EQ,109.7,111,108.5,109.72,108.5,108.67,15390,1691597.16,24-Feb-2026,321,INE802B01027
LINCOLN,EQ,603.05,635.45,603.05,615.65,615,618.85,38960,24115671.25,24-Feb-2026,1562,INE405C01035
LINDEINDIA,EQ,6727,6734.5,6556,6636.5,6632,6739.5,24382,161651608.00,24-Feb-2026,5857,INE473A01011
LLOYDSENGG,EQ,49.15,49.44,47.9,48.88,49.22,49.17,2012517,97770906.34,24-Feb-2026,10377,INE093R01011
LLOYDSENT,EQ,53.3,55.6,51.94,54.22,54.08,53.25,1988319,105075165.99,24-Feb-2026,15221,INE080I01025
LLOYDS,SM,48,49.75,47,49.75,49.75,49.45,17000,823600.00,24-Feb-2026,13,INE0DTQ01028
LLOYDSME,EQ,1123.2,1168.7,1123.1,1164.1,1158,1139,289945,333287918.60,24-Feb-2026,13817,INE281B01032
LMW,EQ,15600,15716,15461,15517,15526,15675,2298,35689981.00,24-Feb-2026,736,INE269B01029
LODHA,EQ,1065,1078.45,1024.65,1040.8,1044.6,1072.9,798095,832202663.70,24-Feb-2026,29559,INE670K01029
LOKESHMACH,EQ,182,182,179.14,180.97,182,181.07,19833,3583356.85,24-Feb-2026,651,INE397H01017
LORDSCHLO,EQ,119.96,121.49,114.61,118.71,119.9,120.38,23187,2729015.93,24-Feb-2026,799,INE846D01012
LAL,EQ,7.99,8.09,7.6,7.65,7.61,7.94,9191,71568.81,24-Feb-2026,194,INE740X01023
LOTUSEYE,EQ,111.64,113.75,107,108.21,108.7,111.97,55806,6103007.02,24-Feb-2026,963,INE947I01017
LOVABLE,EQ,78.09,78.9,75.25,76.62,76.8,76.83,6932,529035.05,24-Feb-2026,241,INE597L01014
LOYALTEX,BE,229.99,232,216.05,216.29,216.05,227.27,1220,265500.41,24-Feb-2026,37,INE970D01010
LTFOODS,EQ,419.5,419.5,407.45,408.7,409.95,421,360814,148936088.80,24-Feb-2026,15080,INE818H01020
LTIM,EQ,4778,4780,4465.5,4501,4521,4831.5,883696,4034910094.00,24-Feb-2026,69142,INE214T01019
LUMAXTECH,EQ,1670.2,1707.4,1642.1,1672.7,1672.9,1661.9,293164,490248478.70,24-Feb-2026,26110,INE872H01027
LUMAXIND,EQ,6031,6062.1,5879,5950.8,5961,6104.3,21163,126432135.50,24-Feb-2026,5883,INE162B01018
LUPIN,EQ,2252.5,2257.9,2235,2250.2,2252,2241.4,1074791,2415738650.00,24-Feb-2026,43893,INE326A01037
LUXIND,EQ,927.25,934,907.1,918.05,915.2,932.65,20963,19187113.15,24-Feb-2026,2298,INE150G01020
LYKALABS,EQ,62.23,63.39,60.21,61.36,61,62.23,36829,2260530.47,24-Feb-2026,488,INE933A01014
LYPSAGEMS,EQ,4.93,5.27,4.92,5.15,5.26,4.93,16109,82527.77,24-Feb-2026,151,INE142K01011
MBEL,EQ,326,330.95,311,315.05,315,325.1,243457,76923517.85,24-Feb-2026,7402,INE08N601015
MKPL,EQ,5.2,5.3,5.06,5.18,5.24,5.21,100235,518998.37,24-Feb-2026,452,INE964W01021
M&MFIN,EQ,380.2,380.35,362.3,364.65,364.55,380.2,3427333,1250726187.15,24-Feb-2026,41283,INE774D01024
MVKAGRO,SM,513,513,509,511.6,511,512,7800,3991950.00,24-Feb-2026,24,INE0SGC01015
MAANALU,BE,143.4,146.9,141.9,143.36,144.3,143.24,29464,4219909.64,24-Feb-2026,274,INE215I01027
MACOBSTECH,SM,211,211,210,210,210,211,1600,336800.00,24-Feb-2026,2,INE0R0J01010
MACPOWER,EQ,946.15,946.15,907.9,915.3,910.05,930.85,17025,15757819.15,24-Feb-2026,1811,INE155Z01011
MCL,BE,59.85,59.85,59.85,59.85,59.85,61.07,16788,1004761.80,24-Feb-2026,354,INE813V01022
MADHAV,EQ,38.59,38.59,37.03,37.3,37.03,37.83,1660,61913.50,24-Feb-2026,42,INE925C01016
MADHUCON,EQ,4.87,4.87,4.75,4.76,4.76,4.87,5073,24308.97,24-Feb-2026,44,INE378D01032
MADHUSUDAN,SM,129,130,129,130,130,131.5,16000,2065000.00,24-Feb-2026,3,INE0P6701019
MBAPL,EQ,457.55,464,456.6,463.6,463.9,465.2,199013,91897362.75,24-Feb-2026,3875,INE900L01010
MADRASFERT,EQ,69,69.53,68.11,69.24,69.4,69.15,46926,3221878.11,24-Feb-2026,712,INE414A01015
MAGADSUGAR,EQ,432.2,433.05,428,429.45,428.4,431.25,2020,868775.65,24-Feb-2026,199,INE347W01011
MCLOUD,EQ,25.99,25.99,24.45,24.63,24.73,25.63,1559989,38820705.39,24-Feb-2026,5583,INE613C01026
MAGNUM,EQ,22.66,22.86,22,22.33,22.35,22.6,72006,1606351.07,24-Feb-2026,224,INE387I01016
MAGSON,SM,139,140,139,139,139,140,6000,836000.00,24-Feb-2026,5,INE0O1S01012
MAHAPEXLTD,EQ,95,95.5,92,92.22,92,93.96,724,67628.96,24-Feb-2026,51,INE843B01013
MFML,EQ,27.25,27.25,23.51,24.26,24.38,25.01,3158,77241.68,24-Feb-2026,92,INE0US801024
MHLXMIRU,EQ,190.01,194,189.81,192.27,190.51,188.7,2239,431133.68,24-Feb-2026,76,INE112D01035
MAHASTEEL,BE,749.95,763.55,717,753.8,730.1,753.7,6654,4910506.85,24-Feb-2026,226,INE451L01014
MGL,EQ,1154,1197.5,1152,1193,1192,1163.2,538684,638368714.00,24-Feb-2026,31352,INE002S01010
MTNL,EQ,30.2,30.6,29.52,29.69,29.63,30.03,1026590,30683628.57,24-Feb-2026,3871,INE153A01019
MAHSCOOTER,EQ,13399,13449,13154,13266,13283,13457,2479,33022276.00,24-Feb-2026,1069,INE288A01013
MAHSEAMLES,EQ,525.7,535.85,525.05,533.85,534.85,528.35,86768,46057680.35,24-Feb-2026,6744,INE271B01025
MRIL,SM,50.5,50.5,49.5,49.75,50,51.2,4800,240000.00,24-Feb-2026,3,INE632Q01018
MAHESHWARI,EQ,44.5,44.5,41.9,42,41.9,42.61,6003,254341.24,24-Feb-2026,108,INE263W01010
MAHICKRA,SM,174,192,174,185.4,190,168.1,26250,4769775.00,24-Feb-2026,30,INE961Y01015
M&M,EQ,3415,3441,3390,3433.2,3440,3447.1,1929400,6603708111.60,24-Feb-2026,97515,INE101A01026
MAHEPC,EQ,124.71,124.71,119.06,119.38,119.21,121.97,39399,4747175.78,24-Feb-2026,762,INE215D01010
MHRIL,EQ,286.3,287.95,284.1,285.7,285,288,52442,14985608.75,24-Feb-2026,2324,INE998I01010
MAHLIFE,EQ,362.5,372,362.5,369.75,369.4,368.85,76415,28029146.20,24-Feb-2026,4055,INE813A01018
MAHLOG,EQ,419,419,400.2,405.8,404.55,414.45,134416,54538895.05,24-Feb-2026,4100,INE766P01016
MAITHANALL,EQ,1018.3,1018.3,990.6,998.5,999.7,1018.3,23517,23521788.00,24-Feb-2026,1859,INE683C01011
MALLCOM,EQ,1164.2,1168.8,1126.6,1137.5,1137,1160.8,2715,3107461.30,24-Feb-2026,378,INE389C01015
MALUPAPER,EQ,31.6,33,31.1,31.36,31.4,31.07,12962,415552.09,24-Feb-2026,236,INE383H01017
MAMATA,EQ,433.8,436.8,420,433.85,430.1,431.65,101852,43783398.40,24-Feb-2026,3147,INE0TO701015
MANAKCOAT,EQ,123.08,124.55,115.1,118.08,118.55,123.62,1900444,224220484.85,24-Feb-2026,3806,INE830Q01018
MANINDS,EQ,434.45,438.65,420.5,427.4,431.45,439.45,464333,199214795.45,24-Feb-2026,9827,INE993A01026
MANINFRA,EQ,109.8,110.68,108.01,108.21,108.16,110.82,385315,41988171.17,24-Feb-2026,3970,INE949H01023
MANAKALUCO,BE,28.5,29.79,28.22,29.09,29.38,28.65,54150,1565946.01,24-Feb-2026,355,INE859Q01017
MANAKSIA,EQ,60.89,60.89,59.3,59.86,59.51,60.89,22532,1351667.16,24-Feb-2026,243,INE015D01022
MANAKSTEEL,EQ,59.6,59.6,58.51,59.24,59.03,58.46,9987,590641.31,24-Feb-2026,217,INE824Q01011
MANALIPETC,EQ,55.38,55.38,53.55,54.59,54.7,55.19,163278,8893211.55,24-Feb-2026,1646,INE201A01024
MANAPPURAM,EQ,303.85,307.5,300.85,305.3,305.7,303.85,1681412,510847018.00,24-Feb-2026,16480,INE522D01027
MPEL,SM,50,53,50,52,52,55.25,12800,659120.00,24-Feb-2026,8,INE0U4H01011
MANBA,EQ,127.99,127.99,121,121.74,122.48,123.54,32605,3994174.09,24-Feb-2026,513,INE939X01013
MANDEEP,SM,17.85,18,17.85,18,18,18.7,4000,71700.00,24-Feb-2026,2,INE0R3T01013
MANCREDIT,EQ,177.41,180.28,173.13,175.77,175.5,175.84,19807,3481646.10,24-Feb-2026,1225,INE545L01039
MEIL,EQ,251.45,251.45,242.4,244.9,245,251.6,56621,13954547.90,24-Feb-2026,2078,INE0PKD01011
MAL,SM,41.15,43.65,41.15,43.65,43.65,43.3,3200,135680.00,24-Feb-2026,2,INE00C401011
MANGLMCEM,EQ,877.65,896.1,864.05,885.95,890,878.8,82371,72427798.40,24-Feb-2026,3869,INE347A01017
MANGALAM,EQ,30,31.48,29.78,29.95,29.92,31.16,63821,1949163.34,24-Feb-2026,575,INE584F01014
MGEL,EQ,11.56,11.87,10.91,11.01,11.08,11.9,3798944,43387070.50,24-Feb-2026,2058,INE0APB01032
MANORG,EQ,415.95,424.9,415.85,418.6,417.3,419.7,1274,532785.35,24-Feb-2026,114,INE370D01013
MWL,EQ,270.4,272,264.05,270.45,272,269.25,54007,14451494.60,24-Feb-2026,484,INE0JYY01011
MIEL,SM,15.6,15.9,15.35,15.85,15.85,16.15,18000,279600.00,24-Feb-2026,9,INE0R3101011
MANKIND,EQ,2037,2060.6,2029.4,2054.7,2060,2046.6,217522,445774772.50,24-Feb-2026,15245,INE634S01028
MVGJL,EQ,159.55,159.55,156.64,158,158.02,159.55,38470,6071605.07,24-Feb-2026,1634,INE0KNT01012
MANOMAY,BE,221,221,214,218.64,218.5,218.99,3639,795889.96,24-Feb-2026,23,INE784W01015
MANORAMA,EQ,1416.2,1436.1,1404.9,1415.1,1415.8,1416.2,53697,76111297.40,24-Feb-2026,4858,INE00VM01036
MANUGRAPH,EQ,14.69,15,14.2,14.25,14.2,14.78,13439,194608.21,24-Feb-2026,102,INE867A01022
MARALOVER,EQ,45.7,46.88,45.05,45.92,46.07,46.23,9581,438488.36,24-Feb-2026,129,INE882A01013
MARATHON,EQ,422.7,427.5,400.9,406.15,405,422.5,129588,53115385.80,24-Feb-2026,4146,INE182D01020
MARC,SM,61,61.5,60.75,61.2,60.8,60.7,9600,585900.00,24-Feb-2026,8,INE0TD401015
MARCO,SM,32.5,32.5,32.5,32.5,32.5,32.65,6000,195000.00,24-Feb-2026,4,INE0QP001012
MARICO,EQ,802.55,813.5,801,810.35,809,801.45,1949882,1576740652.05,24-Feb-2026,43571,INE196A01026
MARINE,EQ,190.81,192.49,186.15,189.2,189.5,190.81,253213,47853502.33,24-Feb-2026,4783,INE01JE01028
MARINETRAN,ST,19.45,19.45,19.45,19.45,19.45,20.45,4000,77800.00,24-Feb-2026,1,INE0P1P01017
MARKOLINES,EQ,161,163.5,155.1,156.51,155.1,160.55,61873,9773351.65,24-Feb-2026,1001,INE0FW001016
MARKSANS,EQ,177,178.44,172.5,174.07,174.02,178.9,442893,77322424.21,24-Feb-2026,11906,INE750C01026
MARUSHIKA,ST,109,109,103.8,103.95,103.8,109,19200,2038620.00,24-Feb-2026,11,INE0X7G01013
MARUTI,EQ,15001,15062,14904,14926,14920,15072,300991,4498411456.00,24-Feb-2026,45176,INE585B01010
MDL,SM,50,50,49,49,49,50,4000,199000.00,24-Feb-2026,2,INE575Z01010
MASFIN,EQ,343.75,343.75,334.1,338.15,340,341.1,82742,27902949.55,24-Feb-2026,3548,INE348L01012
MASON,SM,172.1,176.6,171.4,174.35,175.9,178.45,8000,1395675.00,24-Feb-2026,14,INE0SH001010
MASTEK,EQ,1650.1,1664.2,1559.1,1567.6,1570,1666.4,120715,192508010.20,24-Feb-2026,14781,INE759A01021
MASTER,SM,304,317,304,317,317,320,1500,462500.00,24-Feb-2026,3,INE0OJM01017
MASTERTR,EQ,87.4,87.4,83.45,84.61,84.95,86.82,151097,12799086.61,24-Feb-2026,1115,INE677D01037
MATRIMONY,EQ,430,441.6,424,433.25,430.1,435.45,36586,15806203.55,24-Feb-2026,1871,INE866R01028
MGSL,SM,83,83,83,83,83,83.45,1200,99600.00,24-Feb-2026,1,INE132901013
MAWANASUG,EQ,77.72,78.75,77.5,77.99,78.75,77.72,17090,1330219.49,24-Feb-2026,243,INE636A01039
MAXESTATES,EQ,412.1,412.1,389.5,400.15,401.95,412.1,194200,77316290.65,24-Feb-2026,14401,INE03EI01018
MFSL,EQ,1865,1868.3,1839.4,1841.9,1843,1870,783572,1446296943.30,24-Feb-2026,56436,INE180A01020
MAXHEALTH,EQ,1078.75,1089.5,1077.4,1086.4,1080.4,1083.6,2375483,2576818006.25,24-Feb-2026,52016,INE027H01010
MAXIND,EQ,158,163,153.29,155.72,154.85,158.69,35172,5524549.34,24-Feb-2026,1267,INE0CG601016
MAXVOLT,SM,327.2,330,327.2,327.2,327.2,344.4,26400,8645040.00,24-Feb-2026,33,INE10A501018
MAYURUNIQ,EQ,559.95,563,524.95,531.3,539,563,162820,87516045.20,24-Feb-2026,18588,INE040D01038
MAZDOCK,EQ,2284.1,2288.9,2236,2256.4,2260,2280.8,729152,1643592839.10,24-Feb-2026,38609,INE249Z01020
MAZDA,EQ,202,204.22,194.1,196.25,195,203.61,32513,6434399.09,24-Feb-2026,994,INE885E01042
MBLINFRA,EQ,24.2,28.08,24.2,26.91,26.48,25.07,233839,6314522.74,24-Feb-2026,1907,INE912H01013
MCLEODRUSS,EQ,41.23,41.99,40.75,41.28,41.35,41.81,442680,18161717.79,24-Feb-2026,838,INE942G01012
MCON,ST,45.5,45.5,44.4,44.9,44.75,46.1,29000,1304600.00,24-Feb-2026,18,INE0O4M01019
MEDIASSIST,EQ,396.4,397,386.4,388.6,388,396.4,100515,39300735.15,24-Feb-2026,9717,INE456Z01021
MEDICAMEQ,EQ,303.8,304,296,299.6,303.7,302.3,18498,5543646.95,24-Feb-2026,1058,INE646B01010
MEDIORG,SM,25,25,25,25,25,25,22000,550000.00,24-Feb-2026,10,INE0PE401018
MEDICO,EQ,47.66,47.66,45.9,46.05,45.94,47.66,104673,4845465.88,24-Feb-2026,767,INE630Y01024
MEDISTEP,ST,23.45,23.45,23.45,23.45,23.45,22.6,3000,70350.00,24-Feb-2026,1,INE0UOY01019
MEDPLUS,EQ,829,845,828.55,835.05,840,835.2,147503,123115424.85,24-Feb-2026,12161,INE804L01022
MEESHO,EQ,158,158,152.25,154.96,156.5,158,2150856,331979042.55,24-Feb-2026,28722,INE0VDM01015
MEGAFLEX,ST,133,133,130.5,130.6,130.5,131,15000,1970400.00,24-Feb-2026,5,INE0G1D01014
MEGASTAR,EQ,218.5,218.55,209.88,213.69,212.7,218.22,2275,490157.80,24-Feb-2026,51,INE00EM01016
MEGATHERM,SM,214,214,210,214,214,214,3600,767120.00,24-Feb-2026,7,INE531R01010
MOL,EQ,51,51.44,50.55,51.09,51.05,51.27,330026,16835512.26,24-Feb-2026,2120,INE0CT101020
MENONBE,EQ,119.9,119.9,113.37,116.09,117,119.01,32370,3771024.10,24-Feb-2026,797,INE071D01033
MEP,BZ,1.07,1.11,1.07,1.07,1.07,1.09,314182,336994.29,24-Feb-2026,103,INE776I01010
METROBRAND,EQ,1040.2,1047.8,1035,1041.1,1041,1047.3,18325,19067518.60,24-Feb-2026,3625,INE317I01021
METROPOLIS,EQ,1937.1,1937.1,1880.6,1894.6,1892,1941.6,29031,55162132.90,24-Feb-2026,4884,INE112L01020
MICEL,EQ,40.82,40.89,40,40.13,40.28,40.94,512678,20638210.99,24-Feb-2026,3050,INE287C01037
MICROPRO,SM,20,20,19.9,19.95,19.95,20.2,8000,159440.00,24-Feb-2026,5,INE0PZK01014
MIDWESTLTD,EQ,1322,1327.6,1287,1308.4,1308,1334.3,31612,41179375.90,24-Feb-2026,3230,INE0XAD01024
MINDACORP,EQ,581,581,567.75,573.65,572.1,579.45,85297,48862772.65,24-Feb-2026,5730,INE842C01021
MINDSPACE,RR,489.97,492.69,481.55,483.96,482,489.97,296470,143899806.52,24-Feb-2026,14078,INE0CCU25019
MINDTECK,EQ,217.25,220.5,207.3,209.76,210.04,218.32,48964,10408128.27,24-Feb-2026,1546,INE110B01017
ALPHAETF,EQ,25.62,25.62,25.34,25.52,25.6,25.63,425647,10836613.00,24-Feb-2026,910,INF769K01KU7
BANKETF,EQ,619.46,623.42,618,619.89,620.69,621.01,2872,1784072.16,24-Feb-2026,162,INF769K01KR3
BANKPSU,EQ,98.93,99.39,97.95,98.67,98.8,98.44,56011,5525234.87,24-Feb-2026,400,INF769K01LZ4
CONSUMER,EQ,11.65,11.65,11.2,11.25,11.27,11.41,197207,2221259.90,24-Feb-2026,710,INF769K01NS5
DEFENCE,EQ,67.55,67.97,66.34,67,66.82,67.55,97171,6510655.34,24-Feb-2026,361,INF769K01QC2
DIVIDEND,EQ,36.21,36.43,36,36.36,36.43,36.43,9954,360716.45,24-Feb-2026,100,INF769K01PY8
ENERGY,EQ,36.94,37.31,36.71,37.27,37.29,36.94,916349,33940648.98,24-Feb-2026,1405,INF769K01PR2
EQUAL200,EQ,13.39,13.43,13.3,13.41,13.43,13.45,38669,518188.59,24-Feb-2026,89,INF769K01OA1
EQUAL50,EQ,335.97,336,334,335.66,335.66,337.2,771,258627.21,24-Feb-2026,19,INF769K01OO2
EVINDIA,EQ,31,31.62,30.4,30.6,30.68,30.84,312260,9546401.61,24-Feb-2026,1849,INF769K01LQ3
HEALTHCARE,EQ,18.59,18.66,18.5,18.62,18.66,18.6,11432,212300.65,24-Feb-2026,70,INF769K01QA6
INFRA,EQ,11.59,11.59,11.43,11.5,11.56,11.56,23069,264663.14,24-Feb-2026,105,INF769K01QB4
INTERNET,EQ,12.39,12.41,12.04,12.1,12.12,12.5,323604,3928698.26,24-Feb-2026,725,INF769K01PB6
ITETF,EQ,33.11,33.11,31.41,31.63,31.74,33.18,2409517,76704169.09,24-Feb-2026,6210,INF769K01KV5
LIQUID,EQ,999.99,1000,999.99,999.99,1000,999.99,75282,75281733.38,24-Feb-2026,141,INF769K01KS1
LIQUIDPLUS,EQ,1073.92,1073.94,1073.92,1073.92,1073.94,1073.8,202453,217418889.38,24-Feb-2026,147,INF769K01MY5
ESG,EQ,42.98,42.98,42.56,42.78,42.84,43.13,7915,338480.29,24-Feb-2026,142,INF769K01GS9
MAFANG,EQ,154.78,154.78,154,154.78,154.78,153.49,479527,74217115.19,24-Feb-2026,7513,INF769K01HF4
BFSI,EQ,29.85,29.85,29.13,29.26,29.3,29.42,321674,9432604.36,24-Feb-2026,764,INF769K01HI8
GOLDETF,EQ,153.1,155,153.04,154.05,154,152.53,1616481,248571271.01,24-Feb-2026,6975,INF769K01JP9
GSEC10YEAR,EQ,29.81,29.81,29.7,29.8,29.8,29.66,23745,705470.34,24-Feb-2026,22,INF769K01KF8
MAHKTECH,EQ,24.34,24.34,24.34,24.34,24.34,24.98,653861,15914976.74,24-Feb-2026,496,INF769K01HS7
MIDCAPETF,EQ,22.05,22.32,22.05,22.23,22.26,22.3,2650802,58807493.42,24-Feb-2026,6944,INF769K01IC9
MAKEINDIA,EQ,157,159.12,156.99,158.91,159.09,158.56,18030,2852032.51,24-Feb-2026,407,INF769K01IB1
NIFTYETF,EQ,280.78,284.72,274,275.05,275.42,277.78,239137,65854561.41,24-Feb-2026,3381,INF769K01EG9
LOWVOL,EQ,211.87,211.97,211.38,211.56,211.56,212.65,90,19038.68,24-Feb-2026,7,INF769K01JU9
NEXT50,EQ,713.69,718.86,710,716.65,718.86,715.17,10231,7298386.71,24-Feb-2026,740,INF769K01FN2
SILVERAG,EQ,256.34,258.08,252.49,255.9,255.8,254.37,447581,114282707.94,24-Feb-2026,5743,INF769K01KG6
MASPTOP50,EQ,70.24,70.38,69.01,69.15,69.19,69.69,282794,19662632.40,24-Feb-2026,3549,INF769K01HP3
METAL,EQ,11.7,12.15,11.7,12.12,12.14,12,5128942,61842630.66,24-Feb-2026,7170,INF769K01LY7
MIDSMALL,EQ,47.21,47.21,46.81,47.05,47.2,47.22,280797,13215607.09,24-Feb-2026,838,INF769K01LJ8
MULTICAP,EQ,16.29,16.37,16.05,16.17,16.2,16.28,189170,3054154.52,24-Feb-2026,882,INF769K01LX9
SELECTIPO,EQ,43.09,43.11,42.5,42.85,42.89,43.35,13160,562519.97,24-Feb-2026,192,INF769K01ON4
SENSEXETF,EQ,85.11,85.12,84.05,84.38,84.47,85.31,47235,3987111.74,24-Feb-2026,510,INF769K01KT9
SMALL250,EQ,16.42,16.42,15.81,15.94,15.98,16.02,255574,4066078.15,24-Feb-2026,891,INF769K01PQ4
SMALLCAP,EQ,42.36,42.36,41.84,42.05,42.12,42.35,1439339,60490759.55,24-Feb-2026,4569,INF769K01LC3
TOP20,EQ,9.45,9.45,9.33,9.35,9.37,9.48,40679,380953.12,24-Feb-2026,199,INF769K01PZ5
MIRCELECTR,EQ,29.11,29.28,27.8,28.18,28.17,29.22,533285,15094885.29,24-Feb-2026,2303,INE831A01028
MIRZAINT,EQ,35.1,35.64,34.31,34.73,34.88,35.34,107521,3732428.18,24-Feb-2026,912,INE771A01026
MIDHANI,EQ,340,343.1,334.55,338.5,339.9,344.1,293365,99389020.10,24-Feb-2026,9012,INE099Z01011
MITCON,EQ,57.5,61.44,55.5,57.02,57.01,57.22,2883,165239.46,24-Feb-2026,105,INE828O01033
MITTAL,EQ,1,1.01,0.99,0.99,1,0.99,235017,233457.38,24-Feb-2026,329,INE997Y01027
MMFL,EQ,475.3,475.3,456,461,461.85,472.8,53510,24767553.60,24-Feb-2026,3283,INE227C01017
MMP,EQ,244,247.15,236.5,239.35,236.5,242.05,18433,4470621.50,24-Feb-2026,535,INE511Y01018
MMTC,EQ,61.36,61.9,60.65,61.68,61.6,61.56,1018842,62349334.93,24-Feb-2026,6976,INE123F01029
MODTHREAD,EQ,40.5,45.39,40.11,41.24,41.09,41.14,4530,190644.94,24-Feb-2026,99,INE794W01014
MODINATUR,EQ,315.05,320.7,300,303.7,306.55,315.7,3010,933356.00,24-Feb-2026,179,INE537F01012
MODIRUBBER,EQ,118.02,124.74,118.02,121.36,122.55,120.74,8674,1059973.91,24-Feb-2026,923,INE832A01018
MODIS,EQ,323.1,327,321.5,326.15,323,326.45,3189,1034185.90,24-Feb-2026,211,INE0L0L01012
MODISONLTD,EQ,138.55,140.4,137.1,138.96,139.5,139.28,30760,4261497.76,24-Feb-2026,792,INE737D01021
MHHL,SM,37.55,39.45,37.5,38.45,39.45,39.45,7500,286500.00,24-Feb-2026,5,INE450S01011
MOHITIND,EQ,24.6,24.99,24.05,24.39,24.7,24.59,3157,76826.26,24-Feb-2026,58,INE954E01012
MOIL,EQ,299.6,300.75,296,298.5,299.05,299.85,323671,96565824.60,24-Feb-2026,9034,INE490G01020
MOKSH,EQ,13,13,12.63,12.78,12.96,12.7,53941,690374.89,24-Feb-2026,138,INE514Y01020
MOLDTKPAC,EQ,575.7,575.7,555.4,563.45,570,577.35,33646,18887551.65,24-Feb-2026,3057,INE893J01029
MOLDTECH,EQ,132.6,133.97,129.62,131.93,133.5,132.53,22932,3012740.79,24-Feb-2026,631,INE835B01035
MONARCH,EQ,285,288,273.55,276.6,277,285.6,72593,20294713.25,24-Feb-2026,1278,INE903D01011
MONEYBOXX,EQ,64.9,67,61.15,65.41,66.99,62.67,45517,2921589.07,24-Feb-2026,1085,INE296Q01012
MONOLITH,SM,445,460,445,456.25,459.8,447.75,7750,3515175.00,24-Feb-2026,29,INE1DV401010
MONTECARLO,EQ,573.65,576.2,563.4,569.05,570,575.65,13228,7525490.10,24-Feb-2026,1198,INE950M01013
MORARJEE,BZ,7.3,7.3,6.7,7.1,7.1,7.02,7891,56339.03,24-Feb-2026,15,INE161G01027
MOREPENLAB,EQ,45.51,48.84,45.28,46.47,46.49,45.28,84439519,3994411145.14,24-Feb-2026,162059,INE083A01026
MOS,SM,22.95,22.95,21.5,21.8,21.7,22.95,164000,3576800.00,24-Feb-2026,17,INE0N7S01028
MOSCHIP,EQ,203,203.2,195.8,199.04,199,200.81,1375503,272584231.88,24-Feb-2026,15190,INE935B01025
MSUMI,EQ,44.46,44.46,43.25,43.61,43.65,44.47,3164042,138134147.12,24-Feb-2026,27378,INE0FS801015
MOM100,EQ,64.55,64.55,63.09,63.77,63.85,63.9,456310,28999095.67,24-Feb-2026,3061,INF247L01023
MON100,EQ,228.98,229.25,226.02,228.33,229,229.32,579533,131920916.53,24-Feb-2026,14533,INF247L01AP3
MOTILALOFS,EQ,763,763,736.45,743.2,745.95,763.25,650507,485609003.00,24-Feb-2026,29546,INE338I01027
MOM50,EQ,266.31,274.8,264,265.29,273.8,266.71,5328,1411504.06,24-Feb-2026,155,INF247L01536
MOGSEC,EQ,61.87,64.23,61.87,64.02,63.71,63.46,3138,199978.79,24-Feb-2026,44,INF247L01AK4
MOALPHA50,EQ,50.62,50.76,50.25,50.55,50.55,50.81,1398,70650.83,24-Feb-2026,30,INF247L01FR8
MOCAPITAL,EQ,48.14,48.14,46.5,46.78,46.86,47.08,374390,17513438.57,24-Feb-2026,2127,INF247L01EV3
MODEFENCE,EQ,88.67,89.48,87.19,88,88.15,88.48,1834892,161040105.88,24-Feb-2026,8543,INF247L01DJ0
MOENERGY,EQ,36.97,37.5,36.78,37.1,37.5,36.97,547236,20263384.88,24-Feb-2026,1101,INF247L01GH7
MOGOLD,EQ,156.95,157,155.55,156.65,157,155.2,51640,8076261.85,24-Feb-2026,1003,INF247L01FY4
MOHEALTH,EQ,43.9,44.14,43.13,44.01,44.14,43.85,68114,2988826.34,24-Feb-2026,631,INF247L01BB1
MOINFRA,EQ,61.23,61.77,60.73,61.59,61.77,61.1,4030,247244.22,24-Feb-2026,86,INF247L01FL1
MOIPO,EQ,43.07,43.07,42.7,42.86,43.01,43.45,531,22768.16,24-Feb-2026,37,INF247L01GI5
MOLOWVOL,EQ,38.89,38.89,38.59,38.82,38.82,38.89,33625,1299369.96,24-Feb-2026,37,INF247L01BL0
MOMENTUM50,EQ,52,52.45,51.69,52.06,52.11,52.16,213249,11070388.88,24-Feb-2026,1565,INF247L01DK8
MOMGF,EQ,155.79,156.09,154.55,156.09,156.09,156.36,289,44818.25,24-Feb-2026,18,INF247L01FK3
MOMIDMTM,EQ,62.67,64.56,62.14,62.97,63.6,62.88,55212,3463230.48,24-Feb-2026,274,INF247L01FQ0
MOMNC,EQ,31.31,31.58,31.21,31.45,31.58,31.24,8583,268744.75,24-Feb-2026,15,INF247L01GK1
MOMOMENTUM,EQ,63.62,63.94,63.3,63.64,63.88,63.9,59792,3801298.43,24-Feb-2026,390,INF247L01BK2
MON50EQUAL,EQ,34.88,34.88,33.5,33.6,33.64,33.86,1696,56908.84,24-Feb-2026,55,INF247L01FC0
MONEXT50,EQ,69.14,71.4,68.74,69.5,69.37,69.4,2306,159680.47,24-Feb-2026,44,INF247L01FD8
MONIFTY100,EQ,26.29,26.3,26.1,26.23,26.25,26.46,9760,255465.43,24-Feb-2026,65,INF247L01GG9
MONIFTY500,EQ,23.36,24.09,23.36,23.79,23.85,23.96,512587,12163511.32,24-Feb-2026,2356,INF247L01BU1
MONQ50,EQ,98.63,99.1,98.4,98.92,98.95,99.08,57632,5696019.81,24-Feb-2026,1494,INF247L01AU3
MOPSE,EQ,104.73,108,104.7,105.89,106.1,105.56,6918,728735.89,24-Feb-2026,39,INF247L01FO5
MOQUALITY,EQ,193.72,193.89,192.53,193.42,193.42,194.46,1010,194960.04,24-Feb-2026,33,INF247L01BH8
MOREALTY,EQ,81.83,82.22,79.21,79.96,80.01,81.82,662345,53134614.80,24-Feb-2026,4793,INF247L01CI4
MOSERVICE,EQ,33.05,33.05,32.6,32.77,32.8,33.13,1521,49857.89,24-Feb-2026,57,INF247L01GJ3
MOSILVER,EQ,259.52,260.77,256.55,258.94,259.9,258.12,95622,24734921.26,24-Feb-2026,1988,INF247L01FZ1
MOSMALL250,EQ,16.19,16.19,15.91,16.02,16.08,16.08,1045444,16708643.84,24-Feb-2026,3130,INF247L01CH6
MOTOUR,EQ,79.25,80.45,78.49,80.22,80.45,79.7,14543,1146578.87,24-Feb-2026,274,INF247L01FP2
MOVALUE,EQ,124.01,125.99,124.01,125.66,125.98,124.74,103512,12959722.21,24-Feb-2026,1337,INF247L01BE5
MOTISONS,EQ,16.14,16.14,15.79,15.93,15.91,16.18,2071354,33097862.51,24-Feb-2026,3989,INE0FRK01020
MOTOGENFIN,EQ,21.24,22.05,20.57,20.89,20.79,21.63,22524,475466.44,24-Feb-2026,182,INE861B01023
MMEL,SM,30,30,30,30,30,31,2000,60000.00,24-Feb-2026,1,INE0XM301010
MOXSH,ST,113.6,113.6,113.1,113.1,113.1,112,19200,2176320.00,24-Feb-2026,6,INE0N6D01014
MPHASIS,EQ,2230,2277.8,2210.7,2223,2225,2309.8,1348323,3014473696.00,24-Feb-2026,67743,INE356A01018
MPSLTD,EQ,1571.1,1575.1,1527.9,1539.7,1546,1583.4,15983,24710276.10,24-Feb-2026,2110,INE943D01017
MRF,EQ,145700,146200,142630,143950,144600,145760,7790,1119840285.00,24-Feb-2026,5255,INE883A01011
MRPL,EQ,192.27,197.6,191.5,196.86,197.5,192.27,10306016,2010060001.66,24-Feb-2026,57307,INE103A01014
BECTORFOOD,EQ,218.06,219.21,215,216.68,217,218.06,719917,156716919.81,24-Feb-2026,10907,INE495P01020
MSPL,EQ,31.7,32.04,31.2,31.62,31.7,31.56,2242054,70824088.19,24-Feb-2026,4818,INE752G01015
MSTCLTD,EQ,451.9,460,445,453,460,451.9,96907,43652192.35,24-Feb-2026,3879,INE255X01014
MTEDUCARE,BE,1.45,1.45,1.38,1.39,1.42,1.45,13692,19071.08,24-Feb-2026,37,INE472M01018
MTARTECH,EQ,3720,3780,3673.6,3759.2,3766.1,3725.8,171241,639577480.10,24-Feb-2026,18493,INE864I01014
MUFIN,EQ,117.11,117.11,115.48,116.25,115.95,116.76,397867,46256390.16,24-Feb-2026,2609,INE08KJ01020
MUKANDLTD,EQ,128.06,128.06,125.55,126.82,127.65,128.06,88532,11211427.15,24-Feb-2026,653,INE304A01026
MUKKA,EQ,22.99,23.46,22.6,23.29,23,23.04,245927,5679582.55,24-Feb-2026,1385,INE0CG401037
MUKTAARTS,EQ,59,59,54.33,54.53,54.53,56.04,4925,273554.92,24-Feb-2026,100,INE374B01019
MCX,EQ,2385,2410.9,2373,2395.8,2402.9,2396.2,1777072,4254563532.10,24-Feb-2026,77986,INE745G01043
MUNISH,SM,73.7,73.7,70,72.5,72.5,73.7,16800,1198200.00,24-Feb-2026,11,INE1K8Y01018
MUNJALAU,EQ,81.71,81.89,79.41,80.78,81.39,82.23,71282,5747906.27,24-Feb-2026,1275,INE672B01032
MUNJALSHOW,EQ,129,129,126.21,127.3,126.66,129.24,27890,3552366.67,24-Feb-2026,503,INE577A01027
MURUDCERA,EQ,33.49,33.96,32.1,32.2,32.49,33.49,48568,1572177.73,24-Feb-2026,325,INE692B01014
RADIOCITY,EQ,6.1,6.15,5.94,6.07,6.08,6.1,159445,966128.63,24-Feb-2026,208,INE919I01024
MUTHOOTCAP,EQ,234,234,230,230.16,230.5,234.16,6880,1591550.09,24-Feb-2026,337,INE296G01013
MUTHOOTFIN,EQ,3475,3504,3444,3494,3500,3473.2,550989,1914341046.00,24-Feb-2026,65872,INE414G01012
MUTHOOTMF,EQ,181.71,182.16,176.04,177.87,178.45,180.81,186437,33155879.54,24-Feb-2026,3116,INE046W01019
MYMUDRA,SM,79,79,79,79,79,80,6000,474000.00,24-Feb-2026,3,INE0RVQ01016
NRAIL,EQ,455,458.7,438,439.6,438.2,453.2,4035,1796892.95,24-Feb-2026,317,INE740D01017
NRVANDANA,SM,56.4,62.5,56.4,57,57,58.85,96000,5614050.00,24-Feb-2026,29,INE104101014
NBIFIN,EQ,2198,2198,1805.1,1871.6,1855,1916.9,1474,2807655.70,24-Feb-2026,323,INE365I01020
NACLIND,EQ,138.9,139.05,132.51,135.16,136,135.76,109602,14751207.44,24-Feb-2026,2735,INE295D01020
NDGL,EQ,2551.9,2625,2525,2525,2525,2551.9,125,318471.70,24-Feb-2026,34,INE756C01015
NAGAFERT,EQ,4.54,4.55,4.4,4.41,4.45,4.55,365229,1617681.85,24-Feb-2026,850,INE454M01024
NAGREEKCAP,EQ,26.55,27.27,26.02,26.33,26.45,27.08,9020,238802.83,24-Feb-2026,97,INE245I01016
NAGREEKEXP,EQ,26.7,26.9,25.5,25.5,25.5,26.14,5996,153245.04,24-Feb-2026,52,INE123B01028
NAHARCAP,EQ,239,239.64,232,233.53,232,238.06,1835,431333.52,24-Feb-2026,105,INE049I01012
NAHARINDUS,EQ,102.3,102.3,98.05,98.72,99.7,102.88,9979,997407.89,24-Feb-2026,457,INE289A01011
NAHARPOLY,EQ,243.97,246.2,235.26,236.13,236,243.29,7664,1830525.00,24-Feb-2026,652,INE308A01027
NAHARSPING,EQ,206.89,206.89,199.5,200.93,202,207.13,25235,5132092.62,24-Feb-2026,777,INE290A01027
NGIL,EQ,26.11,27.29,24.21,25.02,25.55,26.38,17947,454975.97,24-Feb-2026,313,INE236Y01012
NSIL,EQ,5950,5959.5,5850,5911.5,5884.5,5950,2242,13225248.00,24-Feb-2026,536,INE023A01030
NAMAN,SM,56.7,56.7,56.5,56.7,56.7,56.7,5600,316880.00,24-Feb-2026,5,INE0RJM01010
NAMOEWASTE,SM,174.15,175.9,174.1,174.85,175,178,12000,2102680.00,24-Feb-2026,15,INE08NZ01012
NDL,EQ,2.8,2.8,2.76,2.77,2.78,2.79,1064991,2956413.27,24-Feb-2026,1252,INE875G01048
JAIPURKURT,EQ,35.99,36.84,34.35,34.78,34.7,34.94,59285,2094558.40,24-Feb-2026,881,INE696V01013
NH,EQ,1869.6,1869.6,1811.4,1821,1823.1,1869.6,268737,490497769.00,24-Feb-2026,24454,INE410P01011
NARMADA,EQ,33.77,33.77,31.97,32.53,33,32.79,198212,6465065.71,24-Feb-2026,744,INE117Z01011
NATCOPHARM,EQ,886.9,950,885.55,944.85,944.75,893,10308556,9640825821.00,24-Feb-2026,200829,INE987B01026
NATHBIOGEN,EQ,146.9,150.88,146.53,148.94,150,146.23,24721,3677330.86,24-Feb-2026,609,INE448G01010
NATIONALUM,EQ,339.4,345,334.35,343,343.4,338.95,6380571,2164944911.05,24-Feb-2026,61781,INE139A01034
NFL,EQ,77.9,78,76.8,77.42,77.5,78.06,555834,42890734.54,24-Feb-2026,4725,INE870D01012
NHIT,IV,153.5,153.5,153.5,153.5,153.5,153.5,100000,15350000.00,24-Feb-2026,1,INE0H7R23014
NATCAPSUQ,EQ,164,164,155.1,157.09,157,162.1,9702,1537811.33,24-Feb-2026,135,INE936B01015
NAVA,EQ,563.05,581,563.05,577.6,574.2,567.15,283510,162560318.10,24-Feb-2026,11003,INE725A01030
NAVINFLUOR,EQ,6606,6637.5,6285,6328,6359,6649.5,175938,1127129077.00,24-Feb-2026,24896,INE048G01026
NAVKARCORP,EQ,95,95.39,93,94,94.98,95.08,237783,22427942.36,24-Feb-2026,1952,INE278M01019
NAVKARURB,EQ,1.44,1.44,1.37,1.42,1.4,1.38,5090839,7318592.66,24-Feb-2026,1474,INE268H01044
NAVNETEDUL,EQ,151,152.27,146.97,148.73,149.76,153.07,130556,19548751.68,24-Feb-2026,2138,INE060A01024
NAZARA,EQ,272.5,274,268.2,269.5,268.5,272.6,560109,151739194.20,24-Feb-2026,6472,INE418L01047
NBCC,EQ,95.3,95.34,93.21,94.54,94.86,95.34,7043891,664311779.12,24-Feb-2026,33860,INE095N01031
NCC,EQ,149.01,150.06,147.9,149,148.86,149.85,1598936,238197678.34,24-Feb-2026,16930,INE868B01028
NCLIND,EQ,185.01,185.88,181.7,182.34,183.2,186.34,42605,7820970.76,24-Feb-2026,743,INE732C01016
NDLVENTURE,EQ,113.79,117.4,110.11,113.68,112.5,113.79,40123,4595697.37,24-Feb-2026,828,INE353A01023
NDRAUTO,EQ,760,783.1,749.95,758.15,764.15,787.55,17510,13324600.00,24-Feb-2026,1403,INE07OG01012
NDTV,EQ,80.4,81.79,80,80.76,81.4,81.79,110711,8926995.94,24-Feb-2026,1620,INE155G01029
NECLIFE,EQ,12.74,12.74,12.2,12.29,12.25,12.66,408739,5051875.92,24-Feb-2026,828,INE023H01027
NEELAM,SM,11.7,11.9,11.6,11.6,11.6,12.2,120000,1417800.00,24-Feb-2026,12,INE0N1401016
NELCAST,EQ,116.13,117,113.31,115.15,115,117.54,50273,5782069.38,24-Feb-2026,1367,INE189I01024
NELCO,EQ,636,636.6,618.5,623,623.05,634.15,46732,29150825.80,24-Feb-2026,2949,INE045B01015
NEOCHEM,SM,85,86,83,83.4,83,89.05,12000,1010400.00,24-Feb-2026,8,INE21UM01018
NEOGEN,EQ,1379.1,1379.1,1339.1,1346.1,1345.7,1386.9,30371,41095977.40,24-Feb-2026,3213,INE136S01016
NEPHROCARE,SM,75,75,67.25,68.95,67.25,72.45,93200,6469360.00,24-Feb-2026,120,INE0SUN01013
NEPHROPLUS,EQ,560.05,579,560.05,567.45,562.3,567.3,41090,23503977.30,24-Feb-2026,3320,INE428V01029
NEPTUNE,ST,239,239.5,239,239.5,239.5,228.6,3000,717750.00,24-Feb-2026,3,INE156901014
NESCO,EQ,1135.1,1140.1,1101.2,1115.7,1106,1141,54484,60659428.90,24-Feb-2026,5494,INE317F01035
NESTLEIND,EQ,1305.6,1323.9,1305.6,1320,1318.4,1315.1,1120203,1475540467.40,24-Feb-2026,71636,INE239A01024
NETWEB,EQ,3535,3599,3450,3563.2,3597,3552.7,2102813,7399938365.60,24-Feb-2026,129002,INE0NT901020
NPST,EQ,1147.8,1148,1080,1130.8,1127,1138.7,29650,33047599.20,24-Feb-2026,3019,INE0FFK01017
NETWORK18,EQ,35.21,35.79,34.41,34.69,34.8,35.66,3444685,120136841.58,24-Feb-2026,14651,INE870H01013
NEULANDLAB,EQ,13497,13650,13304,13366,13400,13651,45522,610578315.00,24-Feb-2026,13799,INE794A01010
NEWGEN,EQ,539.25,540.45,510.5,513.95,517,536.65,5164871,2687737538.20,24-Feb-2026,97914,INE619B01017
NEWJAISA,SM,17.65,18,17.2,17.2,17.2,18.1,36000,629475.00,24-Feb-2026,17,INE0PW501021
NMSTEEL,SM,26.1,26.1,26.1,26.1,26.1,26.3,1600,41760.00,24-Feb-2026,1,INE0TP801012
NEXTMEDIA,EQ,5.98,6,5.66,5.99,6,5.98,5697,34061.88,24-Feb-2026,80,INE747B01016
NXST,RR,160.8,163.11,160.75,161.74,161.12,161.04,1258508,203471281.29,24-Feb-2026,10076,INE0NDH25011
NGLFINE,EQ,2270.9,2299,2240.2,2254.6,2260,2259.6,2910,6560875.40,24-Feb-2026,486,INE887E01022
NHPC,EQ,73.98,76,73.7,75.77,75.81,74.08,13924500,1044489098.14,24-Feb-2026,50830,INE848E01016
NIBE,EQ,1015,1050.1,997.7,1025.6,1050,1019.2,57623,58390064.50,24-Feb-2026,3835,INE149O01018
NIITMTS,EQ,355.8,356.7,336.15,345.65,343,355.8,160362,55632697.60,24-Feb-2026,11399,INE342G01023
NIITLTD,EQ,72.3,73.59,71.3,71.7,71.8,73.64,253035,18240253.10,24-Feb-2026,2642,INE161A01038
NIKITA,SM,125.1,125.1,124,125,125,131.5,27600,3448920.00,24-Feb-2026,15,INE0FLF01015
NILAINFRA,EQ,8.07,8.15,8,8.06,8.05,8.07,153252,1235599.29,24-Feb-2026,353,INE937C01029
NILASPACES,EQ,14.06,14.32,13.52,13.91,13.85,14.05,882777,12444578.50,24-Feb-2026,1677,INE00S901012
NILKAMAL,EQ,1415.6,1430,1389,1395.3,1396,1408.2,1844,2584563.60,24-Feb-2026,445,INE310A01015
NINSYS,EQ,334.6,334.6,323.2,325.9,327.7,334.6,1883,618133.10,24-Feb-2026,316,INE395U01014
BANKBEES,EQ,634.99,634.99,627.5,629.96,630.51,631.6,400374,252446446.51,24-Feb-2026,6855,INF204KB15I9
CONSUMBEES,EQ,131.71,131.71,129.12,129.7,129.75,130.73,105596,13675354.52,24-Feb-2026,1676,INF204KA1LD7
DIVOPPBEES,EQ,84.28,84.39,82.14,82.64,83.25,83.27,47574,3930040.72,24-Feb-2026,947,INF204KA1MS3
NV20BEES,EQ,153.05,154.99,151.21,152.03,154.99,153.83,19279,2931324.49,24-Feb-2026,390,INF204KB18I3
GOLDBEES,EQ,130.11,134,130.11,131.22,131.34,130,48385152,6339533980.81,24-Feb-2026,130834,INF204KB17I5
HNGSNGBEES,EQ,538.78,538.78,536.11,538.58,538.78,542.38,109302,58884781.79,24-Feb-2026,2647,INF204KB19I1
INFRABEES,EQ,999.28,1003.19,988.34,996,999.87,1000.49,28325,28189709.72,24-Feb-2026,1056,INF732E01268
ITBEES,EQ,34.42,34.59,33.02,33.2,33.35,34.86,79791211,2669327853.45,24-Feb-2026,127925,INF204KB15V2
JUNIORBEES,EQ,756,756,743,750.28,751.5,749.67,289249,216196173.97,24-Feb-2026,8593,INF732E01045
LIQUIDBEES,EQ,1000,1000.01,999.95,1000,1000.01,1000,4230898,4230913936.81,24-Feb-2026,6158,INF732E01037
LTGILTBEES,EQ,29.39,29.39,29.29,29.36,29.39,29.33,1867987,54799931.20,24-Feb-2026,994,INF204KB1882
MID150BEES,EQ,227.99,227.99,223.29,225.52,225.9,225.79,708993,159118221.70,24-Feb-2026,7299,INF204KB1V68
NIF100BEES,EQ,278.47,279.59,275,275.98,276.69,278.2,56976,15732734.07,24-Feb-2026,930,INF204K014N5
NIFTYBEES,EQ,290.45,290.45,287.08,287.85,288,290.45,7385045,2127837422.23,24-Feb-2026,72446,INF204KB14I2
PSUBNKBEES,EQ,107.4,110.13,107.4,109.5,109.65,109.21,4909868,537178846.31,24-Feb-2026,12669,INF204KB16I7
SHARIABEES,EQ,481.7,483.19,472.65,474.92,479,483.36,19430,9243542.78,24-Feb-2026,1248,INF732E01128
NAM-INDIA,EQ,985,985,964.25,977.15,980.05,985.05,725906,708191070.65,24-Feb-2026,36633,INE298J01013
LIQGRWBEES,EQ,1029.04,1029.06,1029.04,1029.04,1029.04,1028.91,84289,86737546.69,24-Feb-2026,145,INF204KC1FU1
MANUFGBEES,EQ,155.91,159.47,155,156.47,156,156.69,7929,1235511.67,24-Feb-2026,134,INF204KC1GH6
AUTOBEES,EQ,288.75,288.75,285.67,287.5,287.93,288.59,147780,42379277.96,24-Feb-2026,2509,INF204KC1337
PHARMABEES,EQ,23.04,23.38,23,23.24,23.28,23.13,4836615,112096489.30,24-Feb-2026,7879,INF204KC1089
SILVERBEES,EQ,252.48,253.4,248.11,250.67,250.99,250.17,78159349,19603627365.90,24-Feb-2026,218534,INF204KC1402
SNXT30BEES,EQ,42.5,42.5,40.65,41.19,41.41,41.47,9128,377063.90,24-Feb-2026,128,INF204KC1EZ3
NIRAJ,EQ,32.59,32.59,30.32,30.78,30.72,31.86,65954,2046744.00,24-Feb-2026,1129,INE368I01016
NIRAJISPAT,BE,292.81,292.81,292.81,292.81,292.81,308.22,520,152261.20,24-Feb-2026,29,INE326T01011
NIRMAN,ST,49,52.15,49,50.05,49.5,51.3,31500,1597950.00,24-Feb-2026,92,INE0OK701014
NITCO,EQ,78.49,80.9,76.02,76.84,76.5,78.11,244164,19073749.47,24-Feb-2026,2058,INE858F01012
NITINSPIN,EQ,393,395.2,378.15,381.95,389,385.8,1323262,511643977.70,24-Feb-2026,18427,INE229H01012
NITIRAJ,EQ,204.97,213.98,200.06,209.33,210.97,204.35,6005,1236750.67,24-Feb-2026,223,INE439T01012
NIVABUPA,EQ,75.58,76.6,75.51,76.5,76.6,76.17,375491,28604407.25,24-Feb-2026,4423,INE995S01015
NKIND,EQ,65.2,69.99,61.5,62.93,62.81,65.23,286,18183.93,24-Feb-2026,37,INE542C01019
NLCINDIA,EQ,263.25,265.5,261.15,263.9,263.95,265.45,1221109,321597338.30,24-Feb-2026,17085,INE589A01014
NMDC,EQ,79,81.05,78.51,80.8,80.85,78.91,28891427,2317676077.74,24-Feb-2026,84043,INE584A01023
NSLNISP,EQ,38.75,38.85,37.9,38.66,38.8,38.82,2953521,113445364.06,24-Feb-2026,13823,INE0NNS01018
NOCIL,EQ,149.5,150.38,146.6,147.57,148.35,150.06,168713,25004642.67,24-Feb-2026,2446,INE163A01018
NOIDATOLL,EQ,4.04,4.04,3.77,3.8,3.86,3.9,75872,295092.44,24-Feb-2026,300,INE781B01015
NORBTEAEXP,BE,94,96.5,93.1,96.5,96.5,95,3463,333536.30,24-Feb-2026,23,INE369C01017
NECCLTD,EQ,14.34,14.85,14.3,14.43,14.5,14.49,29774,430983.93,24-Feb-2026,175,INE553C01016
NORTHARC,EQ,247.3,256,247.3,253.9,254.85,246,932810,236069555.40,24-Feb-2026,12571,INE850M01015
NOVAAGRI,EQ,30.33,30.47,29.91,30.14,30.12,29.74,76232,2298923.27,24-Feb-2026,1161,INE02H701025
NRBBEARING,EQ,275.1,275.15,270.4,272.25,273,275.8,63336,17240117.50,24-Feb-2026,2022,INE349A01021
NIBL,EQ,31.72,31.72,30.5,31.01,30.5,30.72,18401,570640.42,24-Feb-2026,155,INE047O01014
NTPCGREEN,EQ,90,90.7,89.15,89.9,89.9,90.34,2767072,248737169.90,24-Feb-2026,21613,INE0ONG01011
NTPC,EQ,374.95,385,373.55,382.75,384.5,375.45,20774629,7867906998.60,24-Feb-2026,239139,INE733E01010
NUCLEUS,EQ,823,823,776.9,793.2,799,827.05,42868,34130877.65,24-Feb-2026,4028,INE096B01018
NRL,EQ,54.49,54.49,51.51,51.78,51.6,52.5,31578,1646840.66,24-Feb-2026,481,INE0JM501013
NURECA,EQ,294,305,286.05,300.35,300,288.9,36832,10959897.80,24-Feb-2026,1458,INE0DSF01015
NUVAMA,EQ,1270,1288,1256.6,1275.8,1280,1263.5,249614,317034054.20,24-Feb-2026,15537,INE531F01023
NUVOCO,EQ,333.05,336.25,329.45,334.85,332.1,333.75,106937,35684343.45,24-Feb-2026,5309,INE118D01016
OBEROIRLTY,EQ,1510,1529.9,1497,1511.9,1511,1521.8,428982,648012638.30,24-Feb-2026,17407,INE093I01010
OBSCP,SM,310.15,311.45,304.2,310.8,311,310.15,19200,5925200.00,24-Feb-2026,31,INE0YHV01011
OCCLLTD,EQ,92,92.07,88.5,88.95,88.98,90.25,54627,4904669.81,24-Feb-2026,1055,INE0PK601023
ODIGMA,EQ,27,27.9,26.4,26.56,26.96,26.93,26808,718711.01,24-Feb-2026,648,INE054301028
ONGC,EQ,275.65,278.15,273.3,276.5,277.2,275.65,16311581,4495255939.05,24-Feb-2026,171159,INE213A01029
OILCOUNTUB,EQ,48.92,49.26,47,47.09,47.49,48.27,17790,848127.58,24-Feb-2026,266,INE591A01010
OIL,EQ,476,478.8,467.6,472.2,473.85,473.75,2965156,1401948114.50,24-Feb-2026,31944,INE274J01014
OLAELEC,EQ,25.7,26.4,25,25.14,25.26,25.85,65924049,1687052308.19,24-Feb-2026,86387,INE0LXG01040
OLECTRA,EQ,1041,1041,1008.6,1024.6,1021.9,1041.2,420330,429154186.40,24-Feb-2026,22155,INE260D01016
OMFREIGHT,EQ,90,90,83.2,85.97,86.4,87.89,58508,4994965.92,24-Feb-2026,1063,INE1BZC01019
OMINFRAL,EQ,89,89.69,85.54,88.34,89,87.76,76393,6671594.69,24-Feb-2026,1410,INE239D01028
OMAXAUTO,EQ,113.25,113.25,105.82,107.13,106.12,111.11,64389,6954939.74,24-Feb-2026,1417,INE090B01011
OMAXE,EQ,78.1,78.72,75.2,76.55,76.5,78.72,76792,5935336.61,24-Feb-2026,2036,INE800H01010
OMFURN,SM,57,57,53.2,55,55,56.85,4800,262200.00,24-Feb-2026,4,INE338Y01016
OMKARCHEM,BZ,5.04,5.04,4.8,4.92,4.94,5.04,2936,14257.18,24-Feb-2026,17,INE474L01016
ONDOOR,SM,144,145,140.65,144,144,145.6,12300,1769745.00,24-Feb-2026,41,INE00ER01015
PAYTM,EQ,1162.1,1169.3,1116.5,1131.7,1135.2,1173.7,4165307,4722864739.30,24-Feb-2026,94290,INE982J01020
MOBIKWIK,EQ,215,227.37,201.11,205.79,202.99,201.76,34456282,7336023309.42,24-Feb-2026,274228,INE0HLU01028
ONEPOINT,EQ,48.17,48.21,47.16,47.94,47.98,47.88,1129704,54028988.60,24-Feb-2026,2007,INE840Y01029
OLIL,SM,292.1,302.65,292,293.2,293.2,298.55,16000,4716880.00,24-Feb-2026,33,INE0OPS01011
ONECAP-RE,BE,0.47,0.47,0.47,0.47,0.47,0.78,32917,15470.99,24-Feb-2026,47,INE912L20015
ONELIFECAP,EQ,16.01,16.23,15.9,15.96,15.9,16.52,38992,623342.55,24-Feb-2026,103,INE912L01015
ONESOURCE,EQ,1315,1340,1280.5,1322.9,1329.1,1324,176115,230629499.60,24-Feb-2026,17757,INE013P01021
ONMOBILE,EQ,50.6,52,49.76,51.58,51.88,51.39,160203,8112214.72,24-Feb-2026,1249,INE809I01019
ONWARDTEC,EQ,274.9,278.95,263.35,267.55,267,276.4,75306,20371242.35,24-Feb-2026,2354,INE229A01017
ONYX,SM,35,35,34.35,34.55,34.55,36.5,14000,484700.00,24-Feb-2026,7,INE0WVU01018
OPTIEMUS,EQ,411.7,411.7,401.5,406.35,408,411.7,84953,34462234.60,24-Feb-2026,2396,INE350C01017
OPTIVALUE,SM,71,75,67.9,68.85,69.7,70,25600,1805200.00,24-Feb-2026,16,INE15B101011
OFSS,EQ,6605,6646.5,6399.5,6454,6465,6669.5,212873,1379706083.50,24-Feb-2026,31382,INE881D01027
ORBTEXP,EQ,182,182,169.03,171.39,172,180.48,12604,2174075.97,24-Feb-2026,281,INE231G01010
ORCHASP,EQ,2.68,2.68,2.58,2.62,2.61,2.63,86012,224818.97,24-Feb-2026,142,INE215B01022
ORCHPHARMA,EQ,665.95,665.95,641.55,647.9,653.5,665.3,51609,33508165.40,24-Feb-2026,2943,INE191A01027
ORIANA,SM,2020,2020,1906.2,1936.35,1941,2055.95,65025,126413077.50,24-Feb-2026,724,INE0OUT01019
ORICONENT,EQ,63,65.79,62.81,64.09,64.3,64.72,74207,4748958.80,24-Feb-2026,474,INE730A01022
ORIENTBELL,EQ,303,308.4,299.6,303.55,304,303,5166,1567655.40,24-Feb-2026,367,INE607D01018
ORIENTCEM,EQ,156.5,158.75,156,157.87,158.75,157.51,252790,39750454.47,24-Feb-2026,3709,INE876N01018
ORIENTCER,EQ,40.7,40.7,39.22,39.52,39.35,40.11,41257,1638763.38,24-Feb-2026,664,INE569C01020
ORIENTELEC,EQ,177.1,177.11,172.01,174.06,174.56,178,73211,12719788.20,24-Feb-2026,3616,INE142Z01019
GREENPOWER,EQ,9.85,10.54,9.71,9.97,10.14,9.93,2344508,23024295.39,24-Feb-2026,5886,INE999K01014
ORIENTHOT,EQ,99.03,101.99,98.51,100.73,100.4,99.87,179184,17930563.72,24-Feb-2026,1928,INE750A01020
ORIENTPPR,EQ,18.81,18.99,18.51,18.63,18.75,18.84,252998,4711866.71,24-Feb-2026,902,INE592A01026
ORIENTLTD,EQ,62,63,60.4,62.75,63,63.05,5853,364250.89,24-Feb-2026,78,INE609C01024
ORIENTTECH,EQ,306,306,298.05,303.2,303.85,306.15,264681,79981981.75,24-Feb-2026,6536,INE0PPK01015
OAL,EQ,276.75,282.4,272.5,274.5,272.5,277.35,11277,3120689.60,24-Feb-2026,567,INE959C01023
ORIENTALTL,EQ,7.01,7.01,6.9,6.92,6.94,6.98,95457,662504.85,24-Feb-2026,303,INE998H01012
OBCL,EQ,55.39,56,55,55.75,55.01,55,4675,257811.78,24-Feb-2026,32,INE426Z01016
ORISSAMINE,EQ,4178.5,4196.2,4117.4,4151.8,4160,4200.1,4330,17985479.70,24-Feb-2026,1391,INE725E01024
ORKLAINDIA,EQ,589.8,593.9,582.1,583.85,586.95,585.85,100787,59301951.00,24-Feb-2026,16479,INE16NZ01023
ORTEL,BZ,1.7,1.7,1.57,1.65,1.65,1.65,18985,29834.43,24-Feb-2026,31,INE849L01019
ORTINGLOBE,BE,18,18.69,17.97,17.97,17.97,18.91,60993,1096871.04,24-Feb-2026,37,INE749B01020
OSELDEVICE,SM,475.3,481,471.25,475.05,475,485.15,11000,5237150.00,24-Feb-2026,29,INE0RMF01018
OSIAHYPER,EQ,10.11,10.25,9.92,9.92,9.92,10.44,2577351,25694283.76,24-Feb-2026,1644,INE06IR01021
OSWALAGRO,EQ,49.36,49.36,46.9,47.61,47.05,48.25,30541,1451378.55,24-Feb-2026,592,INE142A01012
OSWALGREEN,EQ,27.02,28.4,26.25,27.37,26.99,27.06,386566,10482790.04,24-Feb-2026,2175,INE143A01010
OSWALPUMPS,EQ,334,335.65,318.5,322.65,324,337.15,889015,288534978.10,24-Feb-2026,16004,INE0BYP01024
OWAIS,SM,206.4,206.4,195.7,199.7,200,204.45,30600,6100720.00,24-Feb-2026,201,INE0R8M01017
PNGJL,EQ,558,561,548.9,550.7,551.4,556.25,83107,46007534.45,24-Feb-2026,3173,INE953R01016
PSRAJ,ST,270.5,278.5,270.5,277.35,278,284,29000,7918000.00,24-Feb-2026,24,INE0XUS01012
PGHH,EQ,11475,11537,11450,11493,11500,11494,5735,65924087.00,24-Feb-2026,1297,INE179A01014
PROPEQUITY,SM,180,185,180,180,180,179.9,6600,1205730.00,24-Feb-2026,8,INE0KN801013
PACEDIGITK,EQ,187.3,189.79,180,182.61,182,181.86,3898038,723136959.25,24-Feb-2026,31843,INE0S3G01027
PAGEIND,EQ,33150,33400,32725,33160,33360,33070,23524,777274030.00,24-Feb-2026,9160,INE761H01022
PAISALO,EQ,34.45,35.42,34.45,35.22,35.1,35.17,3951249,138544387.98,24-Feb-2026,8712,INE420C01059
PAKKA,EQ,89.01,89.21,87.33,88.37,87.35,89.44,54838,4833935.86,24-Feb-2026,899,INE551D01018
PALASHSECU,EQ,98.79,98.79,92.25,94.43,93.1,95.14,176,16503.20,24-Feb-2026,30,INE471W01019
PALREDTEC,EQ,37.95,38.9,36.6,37.15,37,37.95,1486,55280.67,24-Feb-2026,47,INE218G01033
PANACEABIO,EQ,341.65,341.65,327.55,334.25,336,340,53211,17742763.20,24-Feb-2026,1442,INE922B01023
PANACHE,BE,337,347.85,327.7,345.45,346.5,337.6,3106,1065735.85,24-Feb-2026,36,INE895W01019
PANAMAPET,EQ,281.5,281.5,274,277.1,277.85,280.1,27351,7572693.80,24-Feb-2026,1350,INE305C01029
PANSARI,EQ,299.95,309.4,290,294.35,294.35,300,3340,976611.75,24-Feb-2026,54,INE697V01011
PAR,EQ,96.8,97.35,94.6,95.13,94.61,97.13,7202,685887.10,24-Feb-2026,173,INE04LG01015
PARADEEP,EQ,117,118.39,114.63,115.42,115.49,117.5,4441638,514956423.46,24-Feb-2026,36999,INE088F01024
PARAGMILK,EQ,197,198,187.6,190.2,190.1,196.9,1444409,276702914.25,24-Feb-2026,20356,INE883N01014
PARAGON,SM,45.5,47,45.5,47,47,45.5,16800,779880.00,24-Feb-2026,13,INE0N4G01012
PARACABLES,EQ,36,36.14,34.51,35.07,35.62,36.07,530272,18640555.55,24-Feb-2026,2846,INE074B01023
PSFL,SM,30,30,29,29,29,30,8000,236000.00,24-Feb-2026,4,INE0Q6001012
PARAS,EQ,632.05,634.55,627.15,632.65,632,637.4,195770,123576163.85,24-Feb-2026,8571,INE045601023
PARASPETRO,BE,2.33,2.41,2.24,2.24,2.27,2.33,145954,333469.36,24-Feb-2026,251,INE162C01024
PARIN,SM,725,725,719,719,719,707.75,4750,3433250.00,24-Feb-2026,2,INE00U801010
PARKHOSPS,EQ,196.45,196.45,186.12,192.96,193.5,194.91,1219483,232790616.49,24-Feb-2026,17170,INE119201023
PARKHOTELS,EQ,127.72,127.72,124.74,125.73,126,127.72,100948,12710060.18,24-Feb-2026,1352,INE988S01028
PARSVNATH,EQ,7,7.12,6.45,6.55,6.5,7.02,1445094,9691087.87,24-Feb-2026,2720,INE561H01026
PARTH,SM,260,260,241.05,242.25,241.05,246,32400,8081720.00,24-Feb-2026,67,INE1H7V01011
PARTYCRUS,SM,82.85,84.25,82.85,83.6,83.75,83.25,7000,585750.00,24-Feb-2026,7,INE06ZX01015
PASHUPATI,EQ,974.95,975,940.05,965.05,970,954.1,4547,4328475.65,24-Feb-2026,943,INE124Y01010
PASUPTAC,EQ,51.7,51.75,50.2,50.9,50.93,51.7,68185,3474020.34,24-Feb-2026,1299,INE818B01023
PATANJALI,EQ,530,532.8,518.8,522.4,522.5,532.95,1556379,818687397.35,24-Feb-2026,14613,INE619A01035
PATELENG,EQ,28.5,28.75,27.8,28.32,28.44,27.93,12276689,346819145.71,24-Feb-2026,27120,INE244B01030
PATINTLOG,EQ,10.46,10.65,10.25,10.3,10.37,10.4,134963,1399346.74,24-Feb-2026,528,INE529D01014
PATELRMART,EQ,181.99,182.99,178,179.04,181,181.87,76544,13757024.38,24-Feb-2026,1262,INE0R8B01010
PATILAUTOM,SM,154,158.4,154,158.4,158.4,158.8,1200,187440.00,24-Feb-2026,2,INE17GV01016
PAUSHAKLTD,EQ,497.15,497.15,477,482,490,487.35,8577,4148520.70,24-Feb-2026,637,INE111F01024
PAVNAIND,EQ,23.8,23.98,23,23.48,23.48,23.32,93188,2165666.49,24-Feb-2026,361,INE07S101038
POLICYBZR,EQ,1494,1507.4,1472,1494.6,1500,1496,1901296,2837910547.90,24-Feb-2026,73173,INE417T01026
PCJEWELLER,EQ,9.97,10.13,9.93,10.07,10.09,9.97,33436437,335216345.83,24-Feb-2026,17556,INE785M01021
PCBL,EQ,305,313.1,299.15,310.5,311.05,304.15,1562588,477893554.15,24-Feb-2026,25135,INE602A01031
PDSL,EQ,307.6,310.75,298.2,309.95,310.75,307.6,106108,32437171.50,24-Feb-2026,3916,INE111Q01021
PGIL,EQ,1575,1577.6,1519,1546.4,1547.7,1585.5,70733,109338846.30,24-Feb-2026,9389,INE940H01022
PEARLPOLY,EQ,19.36,20.49,18.75,19.19,19.4,18.79,21392,411378.41,24-Feb-2026,223,INE844A01013
PELATRO,SM,309,309,305,305.5,305,318,2400,739500.00,24-Feb-2026,6,INE0VG601013
PENINLAND,EQ,18.3,18.44,17.75,17.97,17.9,18.34,255407,4592890.11,24-Feb-2026,1092,INE138A01028
PENIND,EQ,146.58,147.49,140.41,141.92,142.76,147.93,1122117,161002894.23,24-Feb-2026,10465,INE932A01024
PERFECT,SZ,2.6,2.7,2.6,2.7,2.7,2.7,6000,15900.00,24-Feb-2026,2,INE925S01012
PERSISTENT,EQ,4875,4918,4585,4662,4679,4977.5,2771545,13005640064.00,24-Feb-2026,205894,INE262H01021
PCCL,SM,200.15,210.55,200.1,210.45,210.55,205,10400,2129020.00,24-Feb-2026,18,INE998U01015
PETRONET,EQ,306.45,310.7,302.7,307.95,307,306.45,4742960,1453290908.85,24-Feb-2026,55167,INE347G01014
PFCL36B,N9,51120,51120,51120,51120,51120,51140,10,511200.00,24-Feb-2026,1,INE134E07DW6
7PFCL31,N3,996,996,996,996,996,995,11,10956.00,24-Feb-2026,2,INE134E07DP0
730PFCL41,NC,975,975,970.2,970.21,970.21,970.1,40,38846.70,24-Feb-2026,4,INE134E07DU0
PFIZER,EQ,5093,5133,5003.7,5084.5,5098,5071.5,14033,71319308.00,24-Feb-2026,3934,INE182A01018
PGEL,EQ,602.1,619.9,602.1,613.35,615,607.15,1369357,837890067.40,24-Feb-2026,22713,INE457L01029
PHANTOMFX,SM,207.9,213.35,204.2,210.5,208,207.9,9600,2001270.00,24-Feb-2026,29,INE0MLZ01019
PHOGLOBAL,SM,19,20.95,19,20.05,20.95,19.2,6000,118300.00,24-Feb-2026,3,INE0FPO01018
PWL,EQ,97.09,97.28,88.62,91.05,91.15,97.01,22619964,2060868016.58,24-Feb-2026,104527,INE0LP301011
PIIND,EQ,3109.9,3120.9,3085.1,3107.2,3107.5,3119.5,161311,500490683.40,24-Feb-2026,14098,INE603J01030
PICCADIL,EQ,575.4,579.25,555,569.95,569.4,582.4,274528,155010042.15,24-Feb-2026,15011,INE546C01010
PPSL,SM,8.15,8.15,7.55,7.65,7.8,8.4,96000,753900.00,24-Feb-2026,24,INE0YAL01017
PIDILITIND,EQ,1475.1,1486.7,1470,1480.5,1485,1481,641633,950090951.50,24-Feb-2026,29638,INE318A01026
PILITA,EQ,8.5,8.76,8.25,8.56,8.54,8.52,28893,245304.30,24-Feb-2026,274,INE600A01035
PILANIINVS,EQ,4539.9,4544.2,4410.1,4497.9,4536,4541.7,1679,7526680.20,24-Feb-2026,444,INE417C01014
PINELABS,EQ,207.39,210.32,202.8,203.26,204.4,208.58,1688642,347133324.95,24-Feb-2026,15858,INE15B701018
PIONEEREMB,EQ,27.93,27.93,27,27.13,27.13,27.29,6920,188010.02,24-Feb-2026,84,INE156C01018
PIRAMALFIN,EQ,1763.1,1768,1726,1755.6,1765,1768.4,121434,212511348.00,24-Feb-2026,13735,INE202B01038
PPLPHARMA,EQ,162.14,162.14,157.92,159.48,159,162.14,2663225,424866870.11,24-Feb-2026,18876,INE0DK501011
PITTIENG,EQ,899.8,900.9,883.35,897.25,888.1,899.8,11651,10404768.85,24-Feb-2026,1358,INE450D01021
PIXTRANS,EQ,1495,1497.7,1449.9,1489.8,1497,1492.4,22760,33455829.80,24-Feb-2026,2390,INE751B01018
PLADAINFO,SM,10.6,10.6,10.6,10.6,10.6,11.15,3000,31800.00,24-Feb-2026,1,INE0PXD01014
PLASTIBLEN,EQ,149.22,154.21,147.06,147.56,147.49,149.13,8483,1270729.26,24-Feb-2026,285,INE083C01022
PLATIND,EQ,224.11,227.39,224.11,225.79,227,226.63,37391,8439651.92,24-Feb-2026,1126,INE0PT501018
PLAZACABLE,EQ,38.5,38.93,38,38.09,38.5,38.79,12911,494879.28,24-Feb-2026,410,INE0INJ01017
PNBGILTS,EQ,78,78.4,77,77.63,77.8,78.7,243213,18863027.27,24-Feb-2026,1915,INE859A01011
PNBHOUSING,EQ,836,838,818.35,831.7,837.5,837.25,872601,722681511.95,24-Feb-2026,20849,INE572E01012
PNCINFRA,EQ,216,216.4,211.61,212.93,213.61,217.5,170981,36421957.30,24-Feb-2026,6034,INE195J01029
PODDARMENT,EQ,240.01,240.01,235.7,236.44,235.7,239.35,2611,618692.35,24-Feb-2026,102,INE371C01013
POKARNA,EQ,987.9,998.9,921.4,934.8,932.5,979.5,126338,119257162.25,24-Feb-2026,8856,INE637C01025
POLYMED,EQ,1269.9,1303.2,1241,1287.1,1287,1268.8,261632,334237424.40,24-Feb-2026,14789,INE205C01021
POLYCAB,EQ,7969,8147.5,7911,8120.5,8120,7974,858763,6952828473.00,24-Feb-2026,102888,INE455K01017
POLYPLEX,EQ,810,815,802.6,808.75,812.5,814.3,25003,20182343.75,24-Feb-2026,1886,INE633B01018
POLYSIL,ST,194.95,194.95,194.5,194.7,194.5,195.5,1000,194725.00,24-Feb-2026,2,INE517M01028
POCL,EQ,1143.7,1147.7,1077,1115,1127.6,1147.8,325848,360685590.00,24-Feb-2026,18533,INE063E01053
PONNIERODE,EQ,263.7,266.9,263.1,264.1,264,266.3,8518,2253452.85,24-Feb-2026,249,INE838E01017
POONAWALLA,EQ,471,472.25,465.65,468.1,470,473,478965,224187602.50,24-Feb-2026,9980,INE511C01022
PVSL,EQ,90.59,90.59,86.37,86.94,86.7,89.85,83986,7390896.42,24-Feb-2026,1757,INE772T01024
POSITRON,SM,170,170,167,168.45,168.9,172.1,3000,504270.00,24-Feb-2026,9,INE0S3H01017
PFC,EQ,410.95,420.25,407.25,419.4,419.6,411.8,8723019,3622427147.35,24-Feb-2026,65714,INE134E01011
POWERGRID,EQ,304,306.2,300.8,304.8,304.5,303.35,15863867,4825480577.95,24-Feb-2026,142944,INE752E01010
PIGL,EQ,110.51,116.4,107.21,115,115,109.3,62114,7006639.61,24-Feb-2026,1253,INE557Z01018
POWERMECH,EQ,2170,2170,2112.5,2124.3,2124.1,2177,43720,93237917.50,24-Feb-2026,6533,INE211R01019
PGINVIT,IV,89.97,89.97,89.64,89.69,89.7,89.78,1722004,154498317.03,24-Feb-2026,8192,INE0GGX23010
PPAP,EQ,220.22,221,211.61,218.86,216.1,219.01,11425,2468493.76,24-Feb-2026,508,INE095I01015
PRABHA,EQ,179.1,194.4,176.01,183.11,184,179.57,160814,29687705.28,24-Feb-2026,3142,INE0I0M01023
PRAJIND,EQ,309,309,302.4,305.35,306.6,309.35,616754,188571637.15,24-Feb-2026,16449,INE074A01025
PRAENG,EQ,21.62,22.59,21.25,22.3,22.3,22.14,40425,905005.85,24-Feb-2026,296,INE505C01016
PRAKASH,EQ,138.2,140.49,134.71,135.65,137.5,138.87,495901,68358058.17,24-Feb-2026,5346,INE603A01013
PPL,EQ,207,207.36,198.01,202.3,205,207.56,55545,11213162.63,24-Feb-2026,1859,INE050001010
PRAKASHSTL,EQ,4.51,4.6,4.32,4.37,4.48,4.51,166104,727801.29,24-Feb-2026,460,INE696K01024
PRAMARA,SM,374.8,374.8,363,364.8,364.8,366,27500,10080850.00,24-Feb-2026,44,INE0O7A01017
PRANIK,SM,49,49,49,49,49,48,1600,78400.00,24-Feb-2026,1,INE0VJG01014
DIAMONDYD,EQ,1075,1083,1063.5,1073.8,1070,1073.9,9873,10570792.00,24-Feb-2026,963,INE393P01035
PRATHAM,SM,132.3,132.3,126.15,130,130,135,2000,260620.00,24-Feb-2026,5,INE0QA601016
PRAXIS,EQ,8.02,8.28,8.02,8.16,8.06,8.17,357912,2879257.72,24-Feb-2026,226,INE546Y01022
PRECAM,EQ,141,143.2,139.5,141.51,141.22,142.44,143072,20197938.22,24-Feb-2026,3050,INE484I01029
PRECISION,SM,10,10.05,9.8,10.05,10.05,9.6,174000,1722500.00,24-Feb-2026,12,INE0HKW01018
PRECWIRE,EQ,300,305,295.62,302.37,302.1,300.26,1221817,367923316.23,24-Feb-2026,25682,INE372C01037
PRECOT,BE,473.55,499,469.3,470.55,469.3,493.95,4492,2120868.55,24-Feb-2026,100,INE283A01014
PREMIERENE,EQ,772.5,784.9,760.8,777.05,781.3,776.25,1270065,977672375.15,24-Feb-2026,23590,INE0BS701011
PREMEXPLN,EQ,473.1,489.5,468,486.7,485,470.8,311959,150924409.20,24-Feb-2026,6413,INE863B01029
PREMIER,BE,3.02,3.15,2.86,2.99,2.99,3.01,7123,21047.74,24-Feb-2026,51,INE342A01018
PREMIERPOL,EQ,51,52.99,50.2,51.86,52.5,51.27,121042,6235655.44,24-Feb-2026,1831,INE309M01020
PRLIND,SM,61.95,62.9,60.1,61.45,61.95,59.7,17000,1041800.00,24-Feb-2026,8,INE0CFG01012
PRESS-RE,ST,2.55,2.65,2.4,2.4,2.4,3,257600,622280.00,24-Feb-2026,184,INE0R1620012
PRESSTONIC,ST,53.45,53.95,49.75,50.25,50,52.2,20800,1089040.00,24-Feb-2026,26,INE0R1601012
PRESTIGE,EQ,1477.8,1483.1,1408.4,1425.6,1431,1488.9,1014229,1451661644.50,24-Feb-2026,40210,INE811K01011
PRICOLLTD,EQ,629,629,613.1,619.05,617.65,630.9,348032,215777329.70,24-Feb-2026,15605,INE726V01018
PRIMECAB,SM,73,76.4,72,75.5,74.8,75.4,238400,17743120.00,24-Feb-2026,88,INE0CQA01020
PFOCUS,EQ,264.65,271.9,260.51,268.03,268.2,266.08,4644954,1237018449.51,24-Feb-2026,29968,INE367G01038
PRIMESECU,EQ,275.45,276.5,267.6,272.85,276,274.2,24753,6736715.25,24-Feb-2026,722,INE032B01021
PRIMO,EQ,20,20.28,19.75,19.94,20.12,20.08,30888,617597.60,24-Feb-2026,215,INE607A01022
PRINCEPIPE,EQ,258,263.64,247.86,250.41,255,259.39,108504,27387223.58,24-Feb-2026,3019,INE689W01016
PRSMJOHNSN,EQ,125.94,125.94,124.95,125.4,125.15,125.53,162518,20344689.88,24-Feb-2026,2499,INE010A01011
PRITI,EQ,47.48,48.39,45.3,46.14,45.3,47.5,9636,447828.01,24-Feb-2026,274,INE974Z01015
PRITIKAUTO,EQ,13.5,13.88,13.25,13.37,13.45,13.66,147231,1981909.51,24-Feb-2026,614,INE583R01029
PRITIKA,SM,55,58.85,54.05,58.85,58.85,55.45,8000,448800.00,24-Feb-2026,4,INE0MJQ01020
PNC,EQ,24.8,25.5,24.3,24.82,24.8,24.8,1390,34431.82,24-Feb-2026,126,INE392B01011
PRIVISCL,EQ,3001.9,3025.5,2946.1,2989.6,2999,2994.8,94981,284360802.70,24-Feb-2026,9475,INE959A01019
PRIZOR,SM,305,307,298.1,299.6,299.8,310,12000,3612060.00,24-Feb-2026,25,INE0V9N01017
PROFX,SM,61.05,63,61.05,63,63,64.5,28800,1782000.00,24-Feb-2026,10,INE0VJT01017
PGHL,EQ,5050,5173.5,5020,5161,5166,5078,15824,81169023.00,24-Feb-2026,3490,INE199A01012
PROLIFE,SM,69.35,69.35,69.35,69.35,69.35,73,500,34675.00,24-Feb-2026,1,INE994V01012
PROSTARM,EQ,156.42,157.19,150,152.35,152.1,155.35,166180,25342204.46,24-Feb-2026,2924,INE0BX301013
PROTEAN,EQ,601.05,602.95,588.5,594,596.35,602.7,252043,149648543.80,24-Feb-2026,8771,INE004A01022
PROV,SM,1200,1230,1200,1200,1200,1208.45,1040,1250400.00,24-Feb-2026,7,INE0ONE01016
PROZONER,EQ,51.7,51.87,50.55,51.1,51.75,51.7,38688,1975046.57,24-Feb-2026,395,INE195N01013
PRUDENT,EQ,2551.7,2606.3,2520.3,2539.1,2574,2557,15064,38541387.90,24-Feb-2026,3778,INE00F201020
PRUDMOULI,EQ,16.84,16.94,15.51,16.49,16.9,16.41,16576,274614.39,24-Feb-2026,120,INE024D01016
PSPPROJECT,EQ,768.4,768.4,736.05,742.2,748,764.4,27460,20508441.75,24-Feb-2026,1918,INE488V01015
PFS,EQ,31.6,31.61,31,31.2,31.21,31.57,238987,7463552.27,24-Feb-2026,1750,INE560K01014
PTC,EQ,168.25,168.3,163.01,165.5,165,168.31,1279811,211652298.04,24-Feb-2026,31588,INE877F01012
PTCIL,EQ,17778,18001,17671,17897,17900,17932,7621,135888474.00,24-Feb-2026,2895,INE596F01018
PTL,EQ,38,38.39,38,38.07,38.2,38.08,43504,1658123.32,24-Feb-2026,553,INE034D01049
PDMJEPAPER,EQ,82.4,82.7,80.51,81.2,82.14,82.33,96557,7837812.34,24-Feb-2026,1124,INE865T01018
PULZ,SM,27.4,27.4,27.15,27.15,27.15,28.55,12000,326800.00,24-Feb-2026,5,INE335X01014
PSB,EQ,26.66,27.27,25.77,26.04,26.12,26.44,10548883,277727871.26,24-Feb-2026,28165,INE608A01012
PUNJABCHEM,EQ,994,1064.9,983.5,1039.1,1025.5,988.3,22373,23025264.40,24-Feb-2026,2826,INE277B01014
PNB,EQ,130.25,132.1,129.3,131.03,131,130.27,20878598,2731103685.39,24-Feb-2026,80397,INE160A01022
PURVA,EQ,223.1,224,213.7,218.38,219.3,224.17,295509,64287361.14,24-Feb-2026,8482,INE323I01011
PURPLEUTED,SM,328.05,330,324.8,324.8,324.8,341.85,8500,2779612.50,24-Feb-2026,31,INE0P5R01014
PURVFLEXI,SM,62.2,62.2,60,60,60,60.05,1600,97760.00,24-Feb-2026,2,INE0R6C01012
PUSHPA,SM,89,89,89,89,89,89,5000,445000.00,24-Feb-2026,5,INE154801018
PVP,EQ,29.12,29.12,27.85,28.05,27.85,29.12,191521,5422274.76,24-Feb-2026,794,INE362A01016
PVRINOX,EQ,1021,1034.9,1006.75,1032.1,1032.5,1031.9,292970,299671828.80,24-Feb-2026,17974,INE191H01014
PYRAMID,EQ,149,152.99,149,151.64,150.11,150.79,9899,1499769.65,24-Feb-2026,203,INE0MIS01010
QUADFUTURE,EQ,296,296,288,291,292.05,296.3,204178,59520619.90,24-Feb-2026,5928,INE0LRY01011
QPOWER,EQ,885,904.8,877.1,884.65,885,881.25,822713,730902051.70,24-Feb-2026,24357,INE0SII01026
QGOLDHALF,EQ,132.08,132.08,130.98,131.47,131.45,130.29,51018,6697846.84,24-Feb-2026,771,INF082J01408
QNIFTY,EQ,282.32,282.32,277.4,278.25,278.6,281.48,1534,427280.76,24-Feb-2026,99,INF082J01499
QUESS,EQ,203.59,203.59,197.4,199.92,200.73,203.59,162197,32383344.56,24-Feb-2026,4339,INE615P01015
QUESTLAB,ST,128,131.2,127.9,130,130,126.25,28800,3738360.00,24-Feb-2026,11,INE0TNW01017
QUICKHEAL,EQ,182.96,182.96,173,174.1,174.39,183.35,265359,46776870.33,24-Feb-2026,3743,INE306L01010
QUICKTOUCH,SM,33,34,33,34,34,32.55,1500,50500.00,24-Feb-2026,3,INE0K4D01020
QVCEL,SM,25.5,25.5,23.75,25,25,25,14400,350160.00,24-Feb-2026,9,INE0KZF01015
RKSWAMY,EQ,105.8,105.8,98.84,99.74,99.33,103.85,25633,2573996.19,24-Feb-2026,635,INE0NQ801033
RMDRIP,EQ,122.2,122.57,122.2,122.43,122.38,121.6,9525208,1165469194.51,24-Feb-2026,14941,INE219Y01026
RRKABEL,EQ,1443.2,1513.3,1443.2,1502,1501.1,1450.7,810875,1206581044.90,24-Feb-2026,51094,INE777K01022
RSYSTEMS,EQ,308.9,308.9,290.2,293.55,294,307.8,122987,36474843.10,24-Feb-2026,6028,INE411H01032
RNBDENIMS,BE,198.25,199.8,198.25,199.21,199.2,196.68,3080477,612331103.97,24-Feb-2026,7851,INE012Q01021
RSSOFTWARE,EQ,36.26,37.9,36.26,37.25,37.84,36.9,27690,1020703.67,24-Feb-2026,664,INE165B01029
RPPINFRA,EQ,82,82,77.72,78.7,78.5,80.92,46371,3652986.24,24-Feb-2026,944,INE324L01013
RACE,EQ,124.39,124.39,117.01,120.97,117.6,122.55,9051,1094657.23,24-Feb-2026,111,INE084Q01012
RILINFRA,SM,36.35,38,35.4,37.35,37.45,36.2,11400,422730.00,24-Feb-2026,60,INE02OY01016
RACLGEAR,EQ,1428,1537.9,1331.3,1401.4,1397,1426,214493,303761983.40,24-Feb-2026,21962,INE704B01017
RADAAN,EQ,2.95,3.09,2.87,2.91,2.89,2.97,21842,64699.26,24-Feb-2026,136,INE874F01027
RADHIKAJWE,EQ,66,67.2,65.65,66.79,67.2,66.88,180083,11950636.59,24-Feb-2026,2182,INE583V01021
RADIANTCMS,EQ,38.6,38.73,36.8,37.16,37.45,38.28,137452,5169114.79,24-Feb-2026,1412,INE855R01021
RADICO,EQ,2718,2734.9,2698.4,2720.1,2710.3,2716,171103,464856056.40,24-Feb-2026,28168,INE944F01028
RADIOWALLA,SM,49.65,50.05,49.65,50.05,50.05,52,4800,238960.00,24-Feb-2026,3,INE430U01019
RPEL,EQ,710,720,688,715.9,717,700,34584,24425400.05,24-Feb-2026,2383,INE912T01018
RVNL,EQ,318.3,322.5,313.85,321.65,321.4,319.2,6655071,2115074215.80,24-Feb-2026,46451,INE415G01027
RAILTEL,EQ,328.5,328.75,319.75,323.45,323.95,330.6,1003914,324686214.95,24-Feb-2026,15244,INE0DD101019
RAIN,EQ,147.45,148,145,146.18,147,147.49,1943804,284806280.18,24-Feb-2026,12088,INE855B01025
RAINBOW,EQ,1218.9,1218.9,1195.3,1199.1,1199.5,1217.1,42489,51193435.30,24-Feb-2026,5497,INE961O01016
ROML,EQ,43.11,43.52,41.32,42.84,42.2,43.25,3418,145284.03,24-Feb-2026,140,INE294G01026
RAJRILTD,BE,22.85,22.85,22.49,22.49,22.49,22.94,1964,44406.52,24-Feb-2026,55,INE533D01032
RAJTV,EQ,39.5,41,38.67,40.37,40.5,38.55,5469,221632.07,24-Feb-2026,61,INE952H01027
ARENTERP,EQ,40.6,42.78,39.24,42.1,42.1,41.17,285,11575.59,24-Feb-2026,24,INE610C01014
RAJESHEXPO,BZ,156.15,158.2,155,155.76,156,158.2,119784,18653944.18,24-Feb-2026,4659,INE343B01030
RCDL,SM,26,26,25.35,25.85,26,26.85,21000,539700.00,24-Feb-2026,7,INE0BZQ01011
RAJMET,EQ,4.02,4.02,3.87,3.89,3.92,3.92,232030,908350.87,24-Feb-2026,1001,INE00KV01022
RAJOOENG,EQ,63,63,61.23,62.01,62.29,62.13,357518,22105706.47,24-Feb-2026,2336,INE535F01024
RAJPUTANA,SM,228.05,230,225.1,225.1,225.1,228.75,4000,910150.00,24-Feb-2026,7,INE0VHU01019
RAJINDLTD,SM,77,77,73.2,74.55,73.2,75.55,12000,898125.00,24-Feb-2026,8,INE0PCU01012
RAJRATAN,EQ,426,429.2,410,413.15,412.5,426.55,88407,36704395.65,24-Feb-2026,5224,INE451D01029
RPPL,EQ,17.84,17.84,17.2,17.29,17.29,17.84,23274,404144.37,24-Feb-2026,237,INE760W01023
RAJSREESUG,EQ,26.6,26.68,25.82,26.08,26.1,26.58,27566,719687.67,24-Feb-2026,260,INE562B01019
RALLIS,EQ,277.2,279.05,268.35,270.5,270.6,280.3,350835,95361474.60,24-Feb-2026,12947,INE613A01020
RAMRAT,EQ,323.85,323.85,318.75,319.8,320.4,319.25,21684,6941446.60,24-Feb-2026,659,INE207E01023
RAMAPHO,EQ,134.69,135.31,127.33,129.1,128.66,134.06,90733,11850101.18,24-Feb-2026,1747,INE809A01032
RAMASTEEL,EQ,7.39,7.44,7.25,7.32,7.34,7.43,4659048,34174750.55,24-Feb-2026,6231,INE230R01035
RTL,SM,66.7,76,66.6,74.5,74.9,65,150000,10809400.00,24-Feb-2026,73,INE14W901010
RAMCOIND,EQ,308.8,308.8,298.1,300.6,299,309.25,80045,24202923.20,24-Feb-2026,1440,INE614A01028
RAMCOSYS,EQ,511.35,511.35,456.5,463,460.25,510.85,330619,157302103.15,24-Feb-2026,16719,INE246B01019
RBS,SM,86.1,86.95,85,85.4,85,87,8000,684400.00,24-Feb-2026,10,INE0RJH01010
RKFORGE,EQ,553.95,558,536,543.95,545.4,553.2,176629,95919015.35,24-Feb-2026,8538,INE399G01023
RAMKY,EQ,466.95,469.95,455.05,462.05,462.05,470.05,31934,14770623.20,24-Feb-2026,1137,INE874I01013
RANASUG,EQ,10.73,11.01,10.73,10.88,10.85,10.96,93290,1013995.93,24-Feb-2026,405,INE625B01014
RML,EQ,819.9,819.9,805,809.75,809.95,813.3,7362,5973608.30,24-Feb-2026,922,INE050H01012
RANEHOLDIN,EQ,1200,1250.4,1190,1219.3,1212,1207.3,18334,22359467.70,24-Feb-2026,2677,INE384A01010
RPTECH,EQ,351.4,356,343.7,344.8,344.9,356.75,113367,39395963.35,24-Feb-2026,2407,INE0J1F01024
RCF,EQ,128.3,128.7,126.1,127.61,127.82,129.24,683615,87002520.39,24-Feb-2026,8460,INE027A01015
RATEGAIN,EQ,535.75,536.6,505.05,513,514.4,535.8,471294,243193585.10,24-Feb-2026,18994,INE0CLI01024
RATNAMANI,EQ,2540,2540,2440.6,2487.2,2487.9,2553.2,41037,101912641.00,24-Feb-2026,10460,INE703B01027
RATNAVEER,EQ,159.36,162.5,154.21,159.85,160,159.37,1480229,234838580.66,24-Feb-2026,10946,INE05CZ01011
RTNINDIA,EQ,31.59,31.59,30.15,30.42,30.38,31.7,2978438,91139999.38,24-Feb-2026,15926,INE834M01019
RTNPOWER,EQ,8.53,8.55,8.32,8.36,8.39,8.57,8689129,72945835.67,24-Feb-2026,11752,INE399K01017
RKDL,EQ,20.1,20.1,19.1,19.47,19.69,19.62,5835,114642.91,24-Feb-2026,169,INE722J01012
RVHL,EQ,42.94,42.94,38.52,38.83,38.8,40.46,70949,2803893.69,24-Feb-2026,587,INE09E501017
RELTD,EQ,145.34,145.34,141.03,142.92,143,145.42,67120,9609059.49,24-Feb-2026,1482,INE206N01018
RAYMONDLSL,EQ,901,904.9,885,894.5,889.2,901.5,55720,49743421.30,24-Feb-2026,5481,INE02ID01020
RAYMOND,EQ,400,403.15,394,400.95,402,403.25,188285,75150461.60,24-Feb-2026,7962,INE301A01014
RAYMONDREL,EQ,435,438.4,426,432.2,433.25,438.4,106301,45880616.20,24-Feb-2026,6243,INE1SY401010
RBLBANK,EQ,319.3,330,317.2,326,328.8,320.9,9940401,3208338446.95,24-Feb-2026,49459,INE976G01028
RBMINFRA,SM,361,373.8,354.05,362,362,364.5,9800,3585200.00,24-Feb-2026,45,INE0NA301016
RBZJEWEL,EQ,127.98,127.98,122.5,124.56,124.99,127.28,111884,13990995.92,24-Feb-2026,2339,INE0PEQ01016
READYMIX,SM,95.9,95.9,90.05,95,95,94,3000,280950.00,24-Feb-2026,3,INE10QL01011
RECLTD,EQ,351,355.85,347.5,354,354.9,352.2,7079250,2488156859.00,24-Feb-2026,57926,INE020B01018
REDINGTON,EQ,246,246.5,238.7,239.95,240.9,245.8,1445567,348264679.90,24-Feb-2026,40720,INE891D01026
REDTAPE,EQ,124.01,125.79,123.16,124.9,124.99,124.59,209767,26152081.59,24-Feb-2026,3747,INE0LXT01019
REFEX,EQ,238,238,232.25,235.71,235.4,238.02,230038,53961439.43,24-Feb-2026,4165,INE056I01025
REGAAL,EQ,61.63,70.85,60.1,66.44,67.78,61.83,42193033,2879473623.21,24-Feb-2026,110425,INE0MHO01029
REGENCERAM,EQ,45,45,42.72,43.45,44.35,44.78,6592,284125.85,24-Feb-2026,67,INE277C01012
RELAXO,EQ,356.8,356.8,350,352.95,351,356.8,67526,23790212.15,24-Feb-2026,3892,INE131B01039
GILT5YBEES,EQ,64.53,64.53,64.13,64.33,64.36,64.33,379027,24369675.50,24-Feb-2026,574,INF204KC1030
SDL26BEES,EQ,137.99,137.99,136.49,136.5,136.5,136.47,6253,853666.62,24-Feb-2026,67,INF204KC1022
RELIABLE,BE,147.36,149.9,141.5,141.93,141.51,148.1,20675,2949813.66,24-Feb-2026,246,INE375Y01018
RELCHEMQ,EQ,125.4,125.4,121.5,123.8,124.5,124.08,390,47989.85,24-Feb-2026,78,INE750D01016
RCOM,BE,0.95,0.96,0.92,0.93,0.93,0.96,7562252,7003320.55,24-Feb-2026,3019,INE330H01018
RHFL,BZ,2.38,2.38,2.28,2.28,2.28,2.39,1343289,3073968.47,24-Feb-2026,1868,INE217K01011
RIIL,EQ,714,716.7,705,709.6,716.7,720.4,45385,32192163.45,24-Feb-2026,2455,INE046A01015
RELIANCE,EQ,1425.3,1433.3,1415,1428.8,1431.1,1428,12529409,17853917144.10,24-Feb-2026,196324,INE002A01018
RELINFRA,BE,94.2,97.79,94.2,95.59,96.3,98.77,1343381,128316297.00,24-Feb-2026,8937,INE036A01016
RPOWER,EQ,25.6,25.75,25,25.44,25.54,25.9,25481919,646848482.24,24-Feb-2026,41777,INE614G01033
RELIGARE,EQ,217.9,217.9,209.16,210.9,211.9,213.32,1265047,268679507.47,24-Feb-2026,24318,INE621H01010
REMSONSIND,EQ,113.79,115,109.7,112.01,113.8,113.11,88583,9866030.15,24-Feb-2026,1473,INE474C01023
REMUS,SM,680,681.05,667.05,679,679,686.25,1200,807635.00,24-Feb-2026,10,INE0O5T01011
RGL,EQ,111.85,114.99,107.62,113.92,114,112.6,740427,82757915.34,24-Feb-2026,6798,INE722H01024
RNPL,SM,143,147.8,143,144.3,144.25,147,72000,10340820.00,24-Feb-2026,13,INE0VZX01015
REPCOHOME,EQ,392.4,394.75,383.15,387.95,387.9,392.95,100194,38779212.35,24-Feb-2026,4367,INE612J01015
REPRO,EQ,415.6,416.15,397.4,400.4,399.35,409.2,6438,2598611.05,24-Feb-2026,428,INE461B01014
RESPONIND,EQ,180,180.97,176.53,177.62,179.6,180.83,132747,23614656.74,24-Feb-2026,966,INE688D01026
RBA,EQ,63.8,64.05,63.31,63.6,63.6,64.27,3848123,244665169.07,24-Feb-2026,21036,INE07T201019
RVTH,EQ,601.15,644.95,601,625,625,614.1,625,394511.35,24-Feb-2026,56,INE0DAB01012
REXPIPES,SM,199,204,199,200.35,204,199,6000,1202000.00,24-Feb-2026,3,INE00D001018
REXPRO,SM,48.35,49.25,48.05,48.05,48.05,50.25,5000,242250.00,24-Feb-2026,5,INE113601012
RHETAN,EQ,26,27.5,25.92,26.63,26.6,26.12,8031755,214013679.87,24-Feb-2026,14548,INE0KKN01029
RHIM,EQ,456.2,456.2,434.95,440.3,438,455.75,127031,56054110.55,24-Feb-2026,7759,INE743M01012
RICHA,SM,62,64.9,59.1,61.95,64.9,62.15,11000,672050.00,24-Feb-2026,11,INE0J1P01015
RICOAUTO,EQ,126.42,126.65,122.71,125.37,125.91,125.81,1917542,239236538.45,24-Feb-2026,10836,INE209B01025
RISHABH,EQ,430.25,431.4,417.1,420.25,421.95,432.25,43394,18374291.75,24-Feb-2026,1664,INE0N2P01017
RITCO,EQ,228,230.87,220.5,222.18,220.5,229.24,18397,4106161.15,24-Feb-2026,552,INE01EG01016
RITEZONE,SM,18.15,18.2,18.15,18.2,18.2,19.1,3200,58160.00,24-Feb-2026,2,INE0MRA01019
RITES,EQ,218.5,218.79,215.1,216.94,217.25,219.42,369636,79963804.28,24-Feb-2026,9593,INE320J01015
RKEC,EQ,44.57,45.88,43,45.29,45.39,44.02,31046,1385113.28,24-Feb-2026,188,INE786W01010
RNFI,SM,300,300,278.15,286.4,285.15,302,17400,5047500.00,24-Feb-2026,29,INE0SA001017
RHL,EQ,186.61,189.32,184.5,186.74,185.9,187.54,6175,1149456.39,24-Feb-2026,209,INE508K01013
ROCKINGDCE,ST,202.3,209.5,202.3,209.5,209.5,212.9,750,153525.00,24-Feb-2026,3,INE0PTR01012
ROLEXRINGS,EQ,140.55,141.64,136.71,138.87,138.95,140.55,457582,63593488.56,24-Feb-2026,7059,INE645S01024
ROLLT,BE,1.19,1.23,1.17,1.23,1.23,1.18,354334,429992.56,24-Feb-2026,99,INE927A01040
ROSSARI,EQ,509,510.5,490.85,499.35,496,508.95,59030,29403067.60,24-Feb-2026,3358,INE02A801020
ROSSELLIND,EQ,42.75,43.73,41.04,43.41,42.63,41.9,41732,1772748.51,24-Feb-2026,542,INE847C01020
ROSSTECH,EQ,685.05,687.3,670,679,678.05,683.9,20589,13893089.45,24-Feb-2026,1443,INE0OJW01016
ROTO,EQ,59.8,60.94,59,59.98,59.99,59.96,546990,32828327.68,24-Feb-2026,3700,INE535D01037
ROUTE,EQ,508.65,509.85,491.9,494.7,495.35,509.85,249605,124353972.30,24-Feb-2026,9716,INE450U01017
ROXHITECH,SM,35,36,35,35.8,35.75,36,20800,742880.00,24-Feb-2026,9,INE0PDJ01013
ROHLTD,EQ,363.75,370,356.35,364.25,370,365.7,22655,8176848.90,24-Feb-2026,958,INE283H01019
RPGLIFE,EQ,1900,1915.2,1872,1882.3,1897.9,1908.6,7512,14188234.90,24-Feb-2026,2043,INE105J01010
RPSGVENT,EQ,694,694,662.6,668,671.3,691.5,25718,17329230.60,24-Feb-2026,1444,INE425Y01011
RSWM,EQ,151,152.48,148.81,149.41,150,151.94,32922,4944762.05,24-Feb-2026,531,INE611A01016
RUBFILA,EQ,67.25,70.09,63.81,65.5,64.5,67.75,43820,2904774.58,24-Feb-2026,441,INE642C01025
RUBICON,EQ,777,782.75,765.7,774,775.9,779.05,73141,56571162.15,24-Feb-2026,4706,INE506V01022
RUCHINFRA,EQ,6.04,6.05,5.81,5.94,5.93,5.89,49025,291723.95,24-Feb-2026,220,INE413B01023
RUCHIRA,EQ,105.84,105.84,103.45,103.74,104.64,104.45,34800,3625595.42,24-Feb-2026,603,INE803H01014
RUDRA,EQ,18.39,18.39,17.51,17.67,17.78,18.06,18071,319338.41,24-Feb-2026,207,INE027T01023
REPL,EQ,90,92.49,87.01,87.62,88.3,89.84,18779,1674549.25,24-Feb-2026,310,INE364Z01019
RULKA,SM,93.1,93.1,93,93,93,92.7,3000,279060.00,24-Feb-2026,9,INE0R7301013
RUPA,EQ,140.4,142.6,139.58,140.7,141,142.1,83793,11755480.21,24-Feb-2026,1635,INE895B01021
RUSHIL,EQ,18.46,18.89,18.32,18.45,18.36,18.62,524625,9728693.75,24-Feb-2026,1224,INE573K01025
SATECH,ST,48.25,49.95,48.25,48.6,48.6,50,6000,293850.00,24-Feb-2026,5,INE0BSN01013
SCHAND,EQ,159.89,159.89,153.16,153.8,155.46,158.23,32665,5075184.75,24-Feb-2026,1610,INE807K01035
SDREAMS,SM,80.55,85.05,80.55,85,85,90.7,8000,675600.00,24-Feb-2026,5,INE0X6F01017
SHK,EQ,153.9,154.84,151.88,153.13,153.15,155.32,141988,21737585.51,24-Feb-2026,2622,INE500L01026
SJLOGISTIC,SM,318,321.85,312.6,314.25,313.25,321.6,9000,2844750.00,24-Feb-2026,31,INE0F3301020
S&SPOWER,BE,334,340,320.25,324.45,320.25,333.8,2322,764003.80,24-Feb-2026,56,INE902B01017
SPAL,EQ,747.9,747.9,683,703.15,707.8,751.2,137880,97376510.70,24-Feb-2026,6217,INE212I01016
SALSTEEL,BE,46.1,46.68,46.1,46.5,46.5,46.68,27356,1266773.36,24-Feb-2026,102,INE658G01014
SAAKSHI,SM,181.5,188.95,181.5,182.65,182.65,189.95,3000,558030.00,24-Feb-2026,4,INE0PSK01027
SAATVIKGL,EQ,401.7,401.7,391,393.5,394.5,403,80080,31656104.80,24-Feb-2026,2804,INE13B501022
SABEVENTS,BE,17.97,17.97,17.97,17.97,17.97,17.62,39060,701908.20,24-Feb-2026,38,INE860T01019
SABAR,ST,5.25,5.25,5.25,5.25,5.25,5.05,10000,52500.00,24-Feb-2026,2,INE0DZ101013
SACHEEROME,ST,395,402.4,389,394.35,389,383.25,64200,25656750.00,24-Feb-2026,59,INE1ARD01016
SADBHAV,EQ,10.22,10.22,10.05,10.22,10.22,9.74,229393,2341879.37,24-Feb-2026,292,INE226H01026
SADBHIN,EQ,3.63,3.66,3.45,3.45,3.45,3.63,407966,1411771.91,24-Feb-2026,412,INE764L01010
SADHNANIQ,EQ,2.27,2.3,2.15,2.27,2.28,2.2,14138914,31999007.90,24-Feb-2026,5804,INE888C01040
SADHAV,SM,108.5,116.5,108.4,116.5,116.5,116,13800,1592190.00,24-Feb-2026,17,INE0K5H01010
SAFARI,EQ,1864.3,1904.9,1821.5,1872.8,1872,1866.6,32774,61172435.40,24-Feb-2026,6655,INE429E01023
SAFEENTP,SM,234.95,236,228,231.35,234,236.5,36000,8330675.00,24-Feb-2026,45,INE17D601016
SAGCEM,EQ,196.2,197.84,191.3,194.84,196,196.83,26187,5086826.80,24-Feb-2026,976,INE229C01021
SAGARDEEP,EQ,24.1,24.94,24,24.34,24.44,24.66,8811,214210.64,24-Feb-2026,152,INE976T01013
SAGILITY,EQ,43.26,43.26,41.91,42.4,42.55,43.33,33024775,1408027495.32,24-Feb-2026,87587,INE0W2G01015
SAHAJSOLAR,SM,140.75,142.3,140,141.05,141.5,141.1,8400,1187120.00,24-Feb-2026,19,INE0P4701011
SAHANA,SM,1030,1030,980,999.75,985,1033.85,42125,42439456.25,24-Feb-2026,160,INE0LEX01011
SAHASRA,SM,258,260,251,254,257.7,259.85,19600,4972380.00,24-Feb-2026,49,INE0RBQ01018
SAHYADRI,EQ,250.01,258.66,250.01,253.39,252,253.5,3588,910961.20,24-Feb-2026,129,INE280H01015
SAILIFE,EQ,966,966,938.4,942.9,946,968.1,451406,429306290.80,24-Feb-2026,19476,INE570L01029
KALAMANDIR,EQ,113,113.5,111,112.36,112.8,112.76,390074,43758362.28,24-Feb-2026,4118,INE438K01021
SAJHOTELS,SM,43,44,42.6,42.8,42.6,44.5,22000,943300.00,24-Feb-2026,7,INE00MT01022
SAKAR,EQ,509.5,557.8,507.45,521.05,525,509.75,791498,425176775.35,24-Feb-2026,26609,INE732S01012
SAKSOFT,EQ,150.7,152.52,147,148.37,150,150.67,213697,31826572.58,24-Feb-2026,3990,INE667G01023
SAKHTISUG,EQ,16.76,16.76,15.21,15.6,15.8,16.43,122323,1932859.26,24-Feb-2026,1063,INE623A01011
SAKUMA,EQ,1.93,1.93,1.88,1.89,1.9,1.93,880386,1674272.23,24-Feb-2026,1192,INE190H01024
SALASAR,EQ,7.99,8.03,7.83,7.9,7.95,8.05,2862697,22680036.30,24-Feb-2026,3888,INE170V01027
SALONA,EQ,257,257,243,244.38,243,250,853,213958.10,24-Feb-2026,13,INE498E01010
SALZERELEC,EQ,653,670.8,648.05,661,665,651.35,60737,40055237.15,24-Feb-2026,4157,INE457F01013
SAMAY,SM,46,46,46,46,46,46,4000,184000.00,24-Feb-2026,1,INE124101010
SAMBHAAV,EQ,7.85,7.85,7.35,7.38,7.38,7.73,23204,172154.30,24-Feb-2026,88,INE699B01027
SAMBHV,EQ,102.79,102.79,96.45,97.34,98,102.1,1299629,127972914.00,24-Feb-2026,10628,INE12NJ01018
SAIFL,SM,10.1,10.1,10,10.1,10.1,10.1,24000,241600.00,24-Feb-2026,6,INE0PZA01015
SAMHI,EQ,164,164.49,158.92,162.13,162.4,164.97,706627,114502292.28,24-Feb-2026,10896,INE08U801020
SAMMAANCAP,EQ,155.06,156.5,149.09,153.42,154.7,154.63,27055292,4114117915.49,24-Feb-2026,54855,INE148I01020
SAMPANN,EQ,30.86,31.76,29.41,30.38,30.5,30.77,17814,538169.62,24-Feb-2026,307,INE735M01018
MOTHERSON,EQ,130.82,132.34,130,131.56,132.3,130.82,14440301,1893546881.81,24-Feb-2026,72970,INE775A01035
SANATHAN,EQ,414.75,416.8,407.75,413.25,413,411.85,10365,4262054.70,24-Feb-2026,1128,INE0JPD01013
SANCO,BZ,2.28,2.28,2.16,2.22,2.22,2.27,511,1133.28,24-Feb-2026,18,INE782L01012
SANDESH,EQ,1005.2,1017,998,1007.5,1015.8,1005.2,712,715441.10,24-Feb-2026,153,INE583B01015
SANDHAR,EQ,486,487.65,473,486.15,485,486.05,123024,59041183.45,24-Feb-2026,5637,INE278H01035
SANDUMA,EQ,195.85,197.89,192.66,195.06,196.8,197.33,844596,164854747.86,24-Feb-2026,12736,INE149K01016
SANGAMIND,EQ,463.15,473,463.15,467.85,467,472.6,12680,5930541.40,24-Feb-2026,657,INE495C01010
SANGHIIND,EQ,60.9,62,60.52,61.35,61.05,61.43,1602652,97927598.26,24-Feb-2026,2676,INE999B01013
SANGHVIMOV,EQ,268.8,269.1,260,261.4,262.65,268.95,172291,45276105.55,24-Feb-2026,5788,INE989A01032
SANGINITA,EQ,15.87,15.87,13.87,14.55,15,15.25,392777,5741455.64,24-Feb-2026,777,INE753W01010
SANOFICONR,EQ,4075,4119,3975,3999.5,3980,4076,8841,35525423.00,24-Feb-2026,1756,INE0UOS01011
SANOFI,EQ,4111,4123.9,4063,4080.7,4080,4097.6,12252,50117715.70,24-Feb-2026,2788,INE058A01010
SANSERA,EQ,2327,2396,2303.3,2345.5,2350.2,2330.5,346085,815774219.40,24-Feb-2026,44041,INE953O01021
SANSTAR,EQ,88.28,88.59,85.51,86.6,86.56,88.29,137570,11945447.96,24-Feb-2026,1662,INE08NE01025
SANWARIA,BZ,0.25,0.25,0.25,0.25,0.25,0.26,126943,31735.75,24-Feb-2026,32,INE890C01046
SAPPHIRE,EQ,216,218.81,213.76,215.1,215.2,219.51,91260,19629420.12,24-Feb-2026,11047,INE806T01020
SARTELE,SM,224,224,214,214.95,215.05,219.7,81000,17801575.00,24-Feb-2026,88,INE0PUC01020
SSDL,EQ,64.15,65.88,63,63.23,63.08,64.15,28290,1795253.72,24-Feb-2026,927,INE0PQ101010
SARDAEN,EQ,511.25,521,508.25,519.35,517,511.6,395889,204795383.15,24-Feb-2026,14157,INE385C01021
SAREGAMA,EQ,339.9,339.9,326,328,327.6,341.7,257120,85232907.45,24-Feb-2026,9516,INE979A01025
SARLAPOLY,EQ,83.29,86.45,81,84.48,84.07,82.87,96033,8095132.68,24-Feb-2026,1865,INE453D01025
SAROJA,SM,35,35,35,35,35,35,1600,56000.00,24-Feb-2026,1,INE0PCL01011
SMLT,EQ,72.22,72.8,70.06,70.77,70.57,72.12,12047,857835.22,24-Feb-2026,137,INE017W01010
SARVESHWAR,EQ,3.95,3.98,3.86,3.91,3.89,3.95,2326457,9076450.49,24-Feb-2026,3297,INE324X01026
SASKEN,EQ,1195.2,1195.2,1156,1166.6,1169,1195.2,20666,24088737.40,24-Feb-2026,1751,INE231F01020
SASTASUNDR,EQ,288.4,288.5,279.95,280.85,280,286.75,2823,800503.15,24-Feb-2026,198,INE019J01013
SATKARTAR,SM,158,164.8,157.5,162.15,162.25,156.15,89600,14482080.00,24-Feb-2026,72,INE0NB801022
SSEGL,SM,366.05,377.55,366,371.55,371,374.35,11400,4230010.00,24-Feb-2026,42,INE0RFP01011
SATIA,EQ,65.06,65.06,63,64.63,64.11,65.07,60463,3866326.45,24-Feb-2026,1781,INE170E01023
SATIN,EQ,154.99,158.39,150.96,154.76,156,154.23,169664,26208329.75,24-Feb-2026,2544,INE836B01017
SATTVAENGG,SM,50,50,48.2,49.95,49.95,50.4,27200,1334960.00,24-Feb-2026,16,INE14DW01018
SAURASHCEM,EQ,68,68,65.26,65.59,65.7,66.65,36188,2381906.11,24-Feb-2026,650,INE626A01014
SOTL,EQ,366.8,374.8,366.8,370.2,369.5,374.25,12145,4502958.55,24-Feb-2026,417,INE035D01020
SAVY,SM,131.5,135.5,131.5,135.5,135.5,135.05,7200,957420.00,24-Feb-2026,6,INE0UCN01017
SAWALIYA,SM,310.75,310.8,306,306.25,306,309.2,36000,11066460.00,24-Feb-2026,30,INE10VS01016
SBC,EQ,32,32.45,31.6,32.09,32.1,32.14,12214576,393417652.43,24-Feb-2026,6813,INE04AK01028
SBFC,EQ,96.6,97.42,95.5,96.87,96.55,97.13,646622,62603400.13,24-Feb-2026,16288,INE423Y01016
SBICARD,EQ,778,784,760.05,779.6,783.6,784.25,1332832,1029778071.30,24-Feb-2026,27209,INE018E01016
SBILIFE,EQ,2109.6,2119,2076.6,2082.9,2087,2109.6,841918,1759855062.90,24-Feb-2026,49708,INE123W01016
SETFGOLD,EQ,130.63,135.51,130.63,135.35,135.45,133.98,4997173,675318262.89,24-Feb-2026,15960,INF200KA16D8
SETFNIF50,EQ,275.23,275.23,271.21,272.21,272.72,274.57,1033140,281329935.32,24-Feb-2026,10350,INF200KA1FS1
SETFNIFBK,EQ,627.58,629.31,623.34,625,624.02,627.64,9908,6196030.48,24-Feb-2026,540,INF200KA1580
SETFNN50,EQ,743.97,746.5,738.1,744.15,741,742.24,32279,23909697.37,24-Feb-2026,1178,INF200KA1598
LIQUIDSBI,EQ,1000.01,1000.01,999.99,999.99,1000.01,1000.01,3972,3971983.56,24-Feb-2026,38,INF200KA13Z8
SBIBPB,EQ,56.91,57.1,55.86,56.67,56.52,56.56,229267,12978546.40,24-Feb-2026,1239,INF200KB1712
SBIETFCON,EQ,124.85,124.85,119.25,120.31,121.49,121.21,9914,1188297.80,24-Feb-2026,260,INF200KA1X17
SBIETFIT,EQ,348.28,351.7,328.91,331.95,334.7,348.28,84872,28407536.04,24-Feb-2026,1901,INF200KA1S14
SBIETFPB,EQ,299.93,299.93,294.1,294.6,298.99,296.25,882015,261002109.35,24-Feb-2026,1011,INF200KA1S22
SBIETFQLTY,EQ,220.49,223,217.05,218.67,218.93,220.48,3742,819322.37,24-Feb-2026,129,INF200KA1WX6
SBILIQETF,EQ,1028.01,1028.03,1028.01,1028.02,1028.03,1027.88,171295,176096344.91,24-Feb-2026,75,INF200KB1969
SBINEQWETF,EQ,34.02,34.02,33.48,33.69,33.79,33.92,53856,1810043.83,24-Feb-2026,343,INF200KB1282
SBISILVER,EQ,253.16,259.39,253.15,256.32,256.5,256.08,3061448,785181664.20,24-Feb-2026,19938,INF200KB1217
SETF10GILT,EQ,259.65,260.6,259.61,260.44,260.6,259.65,11164,2901415.14,24-Feb-2026,76,INF200KA1JT1
SCHAEFFLER,EQ,3964.9,4118,3947.4,4084.8,4057,3950.2,276595,1121883531.60,24-Feb-2026,35080,INE513A01022
SCHNEIDER,BE,901.45,914,868.75,896.8,900,914.45,230249,202938643.20,24-Feb-2026,5781,INE839M01018
865SCL27,N4,999.37,999.37,930,930,930,975,91,84719.37,24-Feb-2026,3,INE148I07XG8
925SCL30A,NH,901.55,901.55,901.55,901.55,901.55,900.45,59,53191.45,24-Feb-2026,1,INE148I07XS3
995SCL2035,NM,951,951,951,951,951,988,2,1902.00,24-Feb-2026,1,INE148I07XY1
SCODATUBES,EQ,136.72,138.81,132.32,133.73,134.9,136.04,49048,6594001.87,24-Feb-2026,804,INE090501011
669GJ34,SG,98,98,93.1,93.1,93.1,98,200,19110.00,24-Feb-2026,2,IN1520250037
755GJ31,SG,99.5,99.5,99,99,99,99,300,29750.00,24-Feb-2026,2,IN1520230138
768KA31,SG,100.5,100.5,100.5,100.5,100.5,100.5,1700,170850.00,24-Feb-2026,4,IN1920220010
935LTF29,N5,1150,1150,1150,1150,1150,1138,45,51750.00,24-Feb-2026,2,INE027E07972
SEAMECLTD,EQ,1261,1318.8,1260.9,1311.1,1310,1278.8,38028,48986983.60,24-Feb-2026,4840,INE497B01018
IIFLZC26,NN,1406.3,1415,1406.2,1415,1415,1430,280,394626.00,24-Feb-2026,3,INE530B07187
10ISFL26,N3,1011,1011,1011,1011,1011,1008.9,119,120309.00,24-Feb-2026,2,INE413U07277
10CAGL27,N5,1030,1030,1030,1030,1030,1025.62,10,10300.00,24-Feb-2026,1,INE741K07496
1003ISFL28,N4,1005,1005,1005,1005,1005,1008.98,35,35175.00,24-Feb-2026,2,INE413U07269
890SFIL23A,NZ,644.8,644.8,644.8,644.8,644.8,580.35,150,96720.00,24-Feb-2026,3,INE244L07523
1015UCL26,N1,1024.97,1024.97,1024.97,1024.97,1024.97,1014,5,5124.85,24-Feb-2026,1,INE583D07505
1025SCL34,Z8,970,980,970,980,980,988.8,155,150558.50,24-Feb-2026,6,INE148I07SQ7
1025SCL34B,N1,985,985,950,980,980,960,170,162524.00,24-Feb-2026,5,INE148I07UV3
1040UCL27B,N1,1005,1005,1005,1005,1005,1004.4,19,19095.00,24-Feb-2026,3,INE583D07513
1040NFL26,NA,1000,1000,985,999.99,999.99,1000,31,30984.95,24-Feb-2026,5,INE342T07437
105UCL2026,NB,1049,1049,1049,1049,1049,1049.99,10,10490.00,24-Feb-2026,1,INE583D07463
1050IIFL29,ND,1010,1049.4,1010,1010,1010,1060,100,101315.20,24-Feb-2026,3,INE413U07319
1050NFL26,N7,1001,1009,1001,1007.08,1009,1001,300,300604.00,24-Feb-2026,5,INE342T07387
1003SFIL28,NX,741,741,741,741,741,741,1,741.00,24-Feb-2026,1,INE244L07556
1065NFL27,NC,1010.5,1019.8,1010.1,1013.83,1010.5,1010,109,110368.50,24-Feb-2026,13,INE342T07460
1075SCL33A,N2,905,905,905,905,905,905,5,4525.00,24-Feb-2026,1,INE148I07PT7
1102NFL26,N8,1062.5,1062.5,1062.5,1062.5,1062.5,1062.5,49,52062.50,24-Feb-2026,4,INE342T07403
1119NFL27,ND,1104,1104,1104,1104,1104,1104,100,110400.00,24-Feb-2026,1,INE342T07445
79NHIT35,N1,315,326.8,315,326.8,326.8,315,2,641.80,24-Feb-2026,2,INE0H7R07017
79NHIT40,N2,315,315,315,315,315,315,75,23625.00,24-Feb-2026,1,INE0H7R07025
82IGT31,NJ,1076,1079,1076,1078.96,1079,1076,250,269593.80,24-Feb-2026,5,INE219X07264
840CIFCL28,N4,1036,1060,1036,1060,1060,1074.58,40,41920.00,24-Feb-2026,2,INE121A07QY9
842IIFL26,NL,990.05,991,990,990.89,990,990,104,103010.05,24-Feb-2026,6,INE530B07161
843IHFL29,NC,975,975,975,975,975,964.55,2,1950.00,24-Feb-2026,1,INE477L07AQ2
85IFL26,NX,1042.25,1049,1000,1043,1043,1046,1100,1115447.80,24-Feb-2026,10,INE530B07344
850IIFL27,NA,990.2,990.2,990.2,990.2,990.2,990,44,43568.80,24-Feb-2026,1,INE477L07AO7
865IIFL28,NS,983,983,981.44,981.44,981.44,983,230,225809.20,24-Feb-2026,2,INE530B07310
875PCHFL26,N8,1042.6,1042.6,1042.5,1042.5,1042.5,1048,50,52125.70,24-Feb-2026,2,INE516Y07410
875IIFL26,NM,1020,1020,1012,1018.63,1018,1024.9,630,640004.99,24-Feb-2026,13,INE530B07179
89IHFL29,N1,960,960,960,960,960,960,200,192000.00,24-Feb-2026,7,INE477L07BG1
9IIFL28A,NT,995,995,995,995,995,995,195,194025.00,24-Feb-2026,5,INE530B07260
91MOFSL27,N2,1071.9,1072,1071.9,1072,1072,1065.01,10,10719.50,24-Feb-2026,2,INE338I07149
93MOFSL34,N6,1147,1147,1147,1147,1147,1066,25,28675.00,24-Feb-2026,1,INE338I07115
965SCL25C,N0,403.8,403.8,403.8,403.8,403.8,403.8,3,1211.40,24-Feb-2026,3,INE148I07ND6
948SCL27,YV,980,980,980,980,980,980,80,78400.00,24-Feb-2026,1,INE148I07SI4
948SCL27D,N1,960,970,950,970,970,950,163,154920.00,24-Feb-2026,3,INE148I07UC3
960IIFLS26,N9,1061.5,1061.5,1061.5,1061.5,1061.5,1061.5,25,26537.50,24-Feb-2026,1,INE413U07335
965SCL26,YO,1085,1085,1085,1085,1085,1085.5,50,54250.00,24-Feb-2026,1,INE148I07SD5
965AEL27,N4,1054,1054,1053.01,1053.01,1053.01,1054.92,150,158001.00,24-Feb-2026,5,INE423A07328
970CAGL28,ND,1033,1033,1018.6,1018.6,1018.6,1021.05,11,11348.60,24-Feb-2026,2,INE741K07579
971SCL28A,NT,700,700,650,664.28,650,700,111,76450.00,24-Feb-2026,10,INE148I07QT5
990SCL27,YT,1100.25,1100.25,1100.25,1100.25,1100.25,1057,5,5501.25,24-Feb-2026,1,INE148I07SG8
99AEL29,N7,1085,1085,1080,1080,1080,1074.25,340,367399.80,24-Feb-2026,4,INE423A07344
AEL120924B,N8,1150,1150,1150,1150,1150,1110,200,230000.00,24-Feb-2026,2,INE423A07385
990SCFL26,AJ,1315,1315,1310,1315,1315,1318,15,19700.00,24-Feb-2026,3,INE148I07NY2
IMC1,N1,250.5,252.52,250.5,252.49,252.49,250.5,52,13110.63,24-Feb-2026,3,INE00QS24043
10NIDO26,N6,1052,1052,1052,1052,1052,1052.3,17,17884.00,24-Feb-2026,2,INE530L07228
1015ECL29,NR,1016,1022,1016,1020,1020,1015,103,104960.00,24-Feb-2026,3,INE804IA7014
829PFL29,N6,1200,1200,1200,1200,1200,1214.46,1,1200.00,24-Feb-2026,1,INE511C07706
1060ECL29,NS,1022,1026,1022,1025,1025,1038,216,221121.00,24-Feb-2026,4,INE804IA7022
81TCHF28,N8,1017.05,1025,1017.05,1025,1025,1019.99,2,2042.05,24-Feb-2026,2,INE033L07GS6
9SCL26BA,NA,1025.49,1025.5,1025.49,1025.5,1025.5,1026,50,51274.90,24-Feb-2026,2,INE148I07GL3
930SFL28,YP,1055,1055,1055,1055,1055,1055,40,42200.00,24-Feb-2026,2,INE721A07OC7
957ICCL25,YW,1047,1049,1045,1045,1045,1050,65,67991.00,24-Feb-2026,8,INE721A07ON4
931SFL26,Z5,1036,1036,1036,1036,1036,1035.1,30,31080.00,24-Feb-2026,1,INE721A07PA8
94SFL28,YL,1084,1093,1082,1090,1090,1089.9,120,130077.80,24-Feb-2026,5,INE721A07NX5
943ECL28,NJ,990.01,992.31,990,992.31,992.31,994.78,29,28741.88,24-Feb-2026,4,INE804I078Y8
97SFL29,YZ,1080,1081.99,1080,1081.99,1081.99,1082,27,29163.98,24-Feb-2026,2,INE721A07OQ7
SECMARK,EQ,118.99,118.99,99,101.7,99,106.23,5269,548143.16,24-Feb-2026,199,INE0BTM01013
SECURKLOUD,BE,22.2,22.79,21.6,21.81,22.38,22.31,8515,188625.97,24-Feb-2026,62,INE650K01021
SEJALLTD,EQ,618.05,618.05,605.2,611.1,612,619.35,2939,1792819.80,24-Feb-2026,183,INE955I01044
SELMC,EQ,34.62,34.62,31.34,31.44,32.3,32.98,22352,718221.79,24-Feb-2026,292,INE105I01020
SEMAC,EQ,263.98,263.98,246.5,247.1,246.9,254.49,865,215596.94,24-Feb-2026,57,INE617A01013
SENCO,EQ,328.5,329.1,321,322.95,323,329.65,344821,112044964.90,24-Feb-2026,9004,INE602W01027
SENORES,EQ,799.95,799.95,775.2,779.25,783,793.8,123193,96378619.70,24-Feb-2026,4049,INE0RB801010
SEPC,EQ,8.34,8.64,7.8,7.94,7.92,8.34,36675965,293084765.67,24-Feb-2026,16966,INE964H01014
87LTF27,NH,1033,1033,1033,1033,1033,1033,90,92970.00,24-Feb-2026,3,INE027E07AN7
898LTF29,N7,1087.55,1088.55,1086.3,1086.58,1086.3,1086.3,27,29334.05,24-Feb-2026,6,INE027E07998
865TCAPS27,N8,1053,1065,1053,1053,1053,1053,165,174524.85,24-Feb-2026,6,INE306N07LM5
96SFIL24A,NB,937.05,937.05,937.05,937.05,937.05,950,272,254877.60,24-Feb-2026,1,INE244L07168
SERVICE,ST,53.5,53.5,50.35,50.35,50.35,53,8000,414000.00,24-Feb-2026,4,INE0P1Q01015
SERVOTECH,EQ,75.05,76.28,74.15,74.49,74.64,76.64,603016,45063143.96,24-Feb-2026,4129,INE782X01033
STYL,EQ,237,241,227.01,240.1,241,238.19,194829,45461180.91,24-Feb-2026,4402,INE04VU01023
SESHAPAPER,EQ,277.5,284.08,270.1,271.38,270.51,276.1,15723,4319918.51,24-Feb-2026,590,INE630A01024
SETCO,EQ,14.93,15.15,14.55,14.64,14.56,15.23,34815,514189.56,24-Feb-2026,168,INE878E01021
SETUINFRA,BZ,0.43,0.43,0.39,0.42,0.42,0.41,116989,48265.40,24-Feb-2026,50,INE023M01027
SEYAIND,BE,13.89,13.89,13.33,13.33,13.33,14.03,13712,183267.45,24-Feb-2026,85,INE573R01012
SGFIN,EQ,396.5,398.3,385.45,394.85,393.3,393.4,148039,57984658.10,24-Feb-2026,3407,INE618R01015
SGMART,EQ,430,435.4,425.25,430.45,430,432.9,128465,55414335.90,24-Feb-2026,4638,INE385F01024
SHADOWFAX,EQ,116.58,116.9,112.75,116.32,116.25,117.13,846924,97355613.43,24-Feb-2026,9262,INE12UN01015
SHAHALLOYS,EQ,66.9,68.67,65.03,66.74,66.25,66.79,40882,2735027.66,24-Feb-2026,343,INE640C01011
SHAH,EQ,4.89,4.93,4.72,4.77,4.78,4.86,2337140,11287929.68,24-Feb-2026,985,INE482J01021
SHAILY,EQ,2012,2012,1916.4,1945.5,1947.7,2010.6,148941,290607896.20,24-Feb-2026,18600,INE151G01028
SHAKTIPUMP,EQ,557,558.65,536,537.55,537.95,556.7,718685,390010699.35,24-Feb-2026,27726,INE908D01010
SHALBY,EQ,154,154.01,151,151.9,152.1,153.5,90685,13793652.36,24-Feb-2026,1160,INE597J01018
SHALPAINTS,EQ,57,57.35,53.22,55.48,55.84,56.85,64790,3598136.94,24-Feb-2026,1101,INE849C01026
SRD,EQ,52.3,54,51.09,51.72,52,52.2,15327,797852.12,24-Feb-2026,352,INE01NE01012
SHANKARA,EQ,103.88,103.88,99.05,99.97,99.4,101.84,106867,10759117.27,24-Feb-2026,1396,INE274V01019
BUILDPRO,EQ,1000,1006.3,932.65,948.45,960,995.25,26732,25761896.65,24-Feb-2026,1820,INE24OJ01011
SHANTIGEAR,EQ,451.4,452.1,449.75,450.7,450,450.95,5865,2641146.10,24-Feb-2026,255,INE631A01022
SHANTIGOLD,EQ,219,219.49,214.6,215.45,214.61,218.28,280454,60889651.56,24-Feb-2026,4123,INE06ZD01017
SHANTI,EQ,6.86,7.13,6.86,7.04,7.05,6.89,36899,258610.72,24-Feb-2026,103,INE933X01016
SHARDACROP,EQ,1169,1197.5,1137,1162.8,1160,1174.7,205552,238721727.10,24-Feb-2026,20549,INE221J01015
SHARDAMOTR,EQ,970.4,975.6,947.6,951,947.6,972.85,19560,18768234.85,24-Feb-2026,2190,INE597I01028
SHAREINDIA,EQ,137.8,137.92,133.5,133.96,133.78,136.28,327164,44159896.14,24-Feb-2026,3283,INE932X01026
SCML,SM,130,130,130,130,130,130.6,2000,260000.00,24-Feb-2026,2,INE460Q01014
SHEEL,SM,61.95,64.5,59.3,59.8,63.8,60.05,62000,3759400.00,24-Feb-2026,21,INE0YJV01017
SFL,EQ,565.5,567.6,552.7,555.85,554.25,568.85,47570,26580120.65,24-Feb-2026,4344,INE916U01025
SCPL,BE,314.75,316.95,299,312,315,313.8,5307,1622152.50,24-Feb-2026,127,INE501Y01019
SHEETAL,ST,245,246,245,246,246,245.95,2000,491000.00,24-Feb-2026,2,INE04VX01019
SHEKHAWATI,EQ,14.1,14.25,11.7,12.52,12.51,13.26,118231,1505556.94,24-Feb-2026,518,INE268L01046
SHEMAROO,EQ,101.7,101.7,97,97.25,97,98.82,7288,717302.82,24-Feb-2026,122,INE363M01019
SHERA,SM,120.35,122.7,119,122.2,122,120,50000,6018800.00,24-Feb-2026,35,INE0MM001019
SHIGAN,ST,61.25,61.3,61.15,61.15,61.15,64.35,7500,459375.00,24-Feb-2026,4,INE03KJ01013
SHILCTECH,EQ,3841,3868,3671.6,3765.1,3770,3840,18580,69800103.90,24-Feb-2026,4986,INE024F01011
SHILPAMED,EQ,326.75,326.75,318.45,320.55,322.2,326.75,180159,57959020.30,24-Feb-2026,9639,INE790G01031
SCILAL,EQ,45.24,47.41,43.35,44.92,44.94,45.24,1242936,56116543.30,24-Feb-2026,5498,INE0PB301013
SCI,EQ,260.5,263,256,259.9,260.3,259.27,2397825,622162113.39,24-Feb-2026,28402,INE109A01011
SHIVAUM,EQ,275,275,275,275,275,293.8,2,550.00,24-Feb-2026,1,INE719F01016
SHIVAMILLS,EQ,58.19,58.19,54.01,54.41,54.33,55.52,1605,88382.30,24-Feb-2026,52,INE644Y01017
SHIVATEX,EQ,162.19,164.93,155.16,158.89,159.97,159,2207,348811.38,24-Feb-2026,208,INE705C01020
SPCL,SM,81,84.95,79.3,82.5,82.5,82.45,12000,978600.00,24-Feb-2026,20,INE0T7B01010
SBCL,EQ,501,501.5,473.4,478.05,477.45,502.75,170529,81884510.95,24-Feb-2026,17700,INE386D01027
SHIVALIK,EQ,297.2,297.2,281.1,282.4,281.1,291.35,24398,6961220.10,24-Feb-2026,1032,INE788J01021
SHIVAMAUTO,EQ,20.87,21.22,19.2,19.92,19.7,20.24,42741,854299.48,24-Feb-2026,370,INE637H01024
SHIVASHRIT,SM,128.05,128.05,127,127,127,129,7000,894950.00,24-Feb-2026,6,INE1DLF01018
SHOPERSTOP,EQ,330,330,313,315.9,315.8,333.5,97356,31027630.40,24-Feb-2026,7272,INE498B01024
SHRADHA,EQ,37.2,39.3,37.2,38.69,38.8,39.7,21292,818142.02,24-Feb-2026,166,INE715Y01031
SHREEPUSHK,EQ,320.35,324.95,303.3,307,306.9,318.25,123024,38081851.70,24-Feb-2026,3437,INE712K01011
SHREECEM,EQ,26460,26790,26270,26525,26560,26550,28322,750733225.00,24-Feb-2026,12045,INE070A01015
SHREDIGCEM,EQ,71.65,72.71,70.12,71.78,71.75,72.23,169678,12158082.53,24-Feb-2026,1978,INE232A01011
SHREEOSFM,SM,79.65,80.8,79.65,80.4,80.8,83,5000,400450.00,24-Feb-2026,4,INE02S501018
SHREERAMA,EQ,56.03,57.49,55.35,55.6,55.49,56.58,88088,4931194.88,24-Feb-2026,3673,INE879A01019
RAMANEWS,EQ,32.45,34.9,31.5,34.5,34.71,31.78,300634,10189477.15,24-Feb-2026,1776,INE278B01020
RENUKA,EQ,23.41,23.5,23.01,23.23,23.27,23.53,2059203,47772089.23,24-Feb-2026,6376,INE087H01022
TIRUPATI,SM,539.85,539.85,539.85,539.85,539.85,523.6,125,67481.25,24-Feb-2026,1,INE238Y01018
BALAJEE,EQ,31.35,32.5,29.96,30.82,30.8,32.3,80241,2495557.91,24-Feb-2026,1211,INE0S2G01011
SVLL,EQ,564.2,564.2,536.55,553,555,546.55,260,143614.85,24-Feb-2026,22,INE00CE01017
SHETHJI,SM,115.1,117,115,116.9,116.9,116,35000,4046500.00,24-Feb-2026,28,INE1FL101016
SHREEJISPG,EQ,402,407.9,398.8,400.1,401,404.35,517534,208124582.30,24-Feb-2026,3657,INE1B6101010
OSWALSEEDS,EQ,12.99,12.99,12.7,12.83,12.84,12.99,14046,180316.29,24-Feb-2026,138,INE00IK01029
SHREMINVIT,IV,101,101,101,101,101,101,25000,2525000.00,24-Feb-2026,1,INE0GTI23014
SHRENIK,BZ,0.39,0.4,0.38,0.39,0.39,0.4,358518,139244.18,24-Feb-2026,209,INE632X01030
SHREYANIND,EQ,150.51,152.38,149.15,150.7,150.9,149.37,3439,519527.46,24-Feb-2026,101,INE231C01019
SHRIAHIMSA,SM,232,234,226,229,229,234,28800,6613080.00,24-Feb-2026,39,INE0DM401012
SHKSIL,SM,42.15,43.35,42.15,43.35,43.35,44.1,6000,256000.00,24-Feb-2026,3,INE0NON01025
SHRIKANHA,SM,24.25,24.25,23.1,23.1,23.1,24.25,24000,576000.00,24-Feb-2026,15,INE1V4601019
SHRINGARMS,EQ,252,252.69,244.5,245.43,244.75,251.93,628956,155960144.30,24-Feb-2026,4860,INE1B3L01017
LIQUIDSHRI,EQ,1093.32,1093.34,1093.32,1093.34,1093.34,1093.19,3146,3439641.44,24-Feb-2026,13,INF680P01422
SHRIRAMFIN,EQ,1064.7,1066,1050.2,1061.7,1065,1064.7,2464507,2606822721.50,24-Feb-2026,74581,INE721A01047
SHRIPISTON,EQ,3065,3224,3026.7,3183.6,3190,3075.2,218731,693760009.30,24-Feb-2026,33840,INE526E01018
SHRIRAMPPS,EQ,81.12,81.54,78.39,79.67,80.15,81.65,656137,52390823.06,24-Feb-2026,3572,INE217L01019
SHUBHSHREE,SM,310.05,310.05,310.05,310.05,310.05,320,600,186030.00,24-Feb-2026,2,INE0UL701015
SHYAMCENT,EQ,5.38,5.49,5.2,5.2,5.24,5.39,37346,196519.01,24-Feb-2026,224,INE979R01011
SHYAMDHANI,SM,80,80.95,80,80.95,80.95,81,52000,4161900.00,24-Feb-2026,2,INE1CRP01016
SHYAMMETL,EQ,836.1,840.9,823.1,830.9,833.5,841.9,79247,65837331.60,24-Feb-2026,5801,INE810G01011
SHYAMTEL,EQ,10.5,10.5,10.03,10.11,10.03,10.68,1279,12876.29,24-Feb-2026,19,INE635A01023
SICALLOG,BE,68,68,65.9,66.02,65.9,69.18,19136,1272554.58,24-Feb-2026,104,INE075B01020
SIDDHICOTS,ST,28.5,30,28.5,28.5,28.5,29.25,12000,348600.00,24-Feb-2026,10,INE0SVO01019
SIDDHIKA,SM,210,210,210,210,210,208,1000,210000.00,24-Feb-2026,1,INE0A1E01018
ENRIN,EQ,2829.3,2928,2809.6,2906.8,2912,2815.7,520502,1495755977.80,24-Feb-2026,37736,INE1NPP01017
SIEMENS,EQ,3305,3391.9,3274.2,3365.6,3371.5,3302.2,532121,1770409653.80,24-Feb-2026,36975,INE003A01024
SIGACHI,EQ,21.2,21.22,20.49,20.72,20.8,21.16,3600327,74751523.68,24-Feb-2026,7968,INE0D0K01022
SIGMAADV,EQ,179,181.98,164.66,165.66,167.35,173.32,744730,127234776.36,24-Feb-2026,3632,INE933B01012
SIGMA,EQ,39.05,39.41,37.51,37.95,38.2,39.8,85904,3284811.32,24-Feb-2026,1357,INE0A0S01028
SIGNATURE,EQ,980,990,926.3,931.1,932.15,985.25,408588,389550169.90,24-Feb-2026,10871,INE903U01023
SIGIND,EQ,48.08,48.87,43.8,45.04,45,48.08,98090,4392627.91,24-Feb-2026,857,INE529F01035
SIGNPOST,EQ,256,265,240,242.54,242.7,242.65,357384,89195899.69,24-Feb-2026,7229,INE0KGZ01021
SIKKO,EQ,4.69,4.8,4.64,4.71,4.75,4.62,355803,1674781.27,24-Feb-2026,861,INE112X01025
SILINV,EQ,434.3,440.8,431,433.05,432.25,440.95,974,424044.05,24-Feb-2026,104,INE923A01015
SILGO,EQ,70.55,75.59,68.8,74.35,73.1,72.6,43936,3229669.18,24-Feb-2026,1504,INE01II01013
SILGOPP,E1,30.9,30.9,29.05,30.15,30.2,30.8,2954,89612.97,24-Feb-2026,18,IN901II01012
SILKFLEX,SM,119.95,120.75,115,120.75,120.75,115,18000,2160400.00,24-Feb-2026,9,INE0STN01015
SILKY,SM,147,147,147,147,147,135,800,117600.00,24-Feb-2026,1,INE0SN801015
SILLYMONKS,EQ,19,19.9,18.14,18.16,18.2,19.09,40544,746553.39,24-Feb-2026,194,INE203Y01012
SILVERTUC,EQ,1484.8,1484.8,1405,1430.2,1425,1451.3,55241,78887027.20,24-Feb-2026,5139,INE625X01018
SIMBHALS,BZ,8.69,8.69,8.3,8.6,8.6,8.52,6869,58320.38,24-Feb-2026,47,INE748T01016
SIMPLEXINF,EQ,203.1,203.1,193.2,200.31,201,202.32,54737,10847859.02,24-Feb-2026,624,INE059B01024
SINCLAIR,EQ,73.89,77.9,72.62,74.71,74.9,73.73,121100,9038292.77,24-Feb-2026,638,INE985A01022
SINDHUTRAD,EQ,25.95,26.23,25.22,25.54,25.51,25.95,892281,22965484.96,24-Feb-2026,891,INE325D01025
SINTERCOM,EQ,80.05,84.39,77.78,80.26,81.34,81.35,3437,269598.21,24-Feb-2026,91,INE129Z01016
SIRCA,EQ,467.7,470,462,464.3,462,467.9,185866,86636163.80,24-Feb-2026,1911,INE792Z01011
SIS,EQ,298.6,301.6,288.3,294.05,293.35,299.75,111904,32962788.40,24-Feb-2026,7562,INE285J01028
SITINET,BZ,0.37,0.37,0.37,0.37,0.37,0.38,175538,64949.06,24-Feb-2026,152,INE965H01011
SIYSIL,EQ,550,550,535.35,539.95,537.05,548.2,33820,18272777.35,24-Feb-2026,2103,INE076B01028
SJS,EQ,1834.9,1854.3,1805.3,1846,1848.1,1827,61840,113495467.90,24-Feb-2026,8457,INE284S01014
SJVN,EQ,73.86,74.65,72.91,74.19,74.58,73.93,4242452,313477152.42,24-Feb-2026,22572,INE002L01015
SKFINDUS,EQ,2520,2586.2,2494,2533.9,2526.1,2516.8,21157,54026983.00,24-Feb-2026,3600,INE2J8701016
SKFINDIA,EQ,1790,1914,1752.4,1898.9,1905,1795.1,420626,786451798.60,24-Feb-2026,40523,INE640A01023
SKIPPER,EQ,374.95,378.25,366.9,370.95,373.5,376.85,190893,70881908.00,24-Feb-2026,7422,INE439E01022
SKMEGGPROD,EQ,175.7,177.29,169.2,170.28,170.8,176.82,228700,39391645.86,24-Feb-2026,3427,INE411D01023
SKP,SM,167,167,167,167,167,168,500,83500.00,24-Feb-2026,1,INE0KZA01016
SKYGOLD,EQ,371,373.45,360.3,362.25,363.5,369.65,431485,156761057.60,24-Feb-2026,7482,INE01IU01018
SMARTEN,SM,58.5,58.5,54,56.6,56.6,59.4,57600,3220860.00,24-Feb-2026,44,INE14GK01016
SMARTLINK,EQ,126.84,127.88,123.25,124.74,125.99,126.83,1595,200826.97,24-Feb-2026,78,INE178C01020
SMARTWORKS,EQ,430,440.35,428,428.95,429,432.8,41153,17741649.85,24-Feb-2026,2821,INE0NAZ01010
8SMC30,N2,509,509,508,508.1,508,505.12,10,5081.00,24-Feb-2026,2,INE05NX24031
SMCGLOBAL,EQ,78.57,79.98,78.25,78.72,79.12,80.15,253987,20069509.06,24-Feb-2026,2524,INE103C01036
SMLMAH,EQ,4900,5101.8,4872.1,5043.8,5045,4858.9,139090,697028283.50,24-Feb-2026,14591,INE294B01019
SMSPHARMA,EQ,375.2,386,368.05,380.8,380.35,375.3,271375,102860956.70,24-Feb-2026,8336,INE812G01025
SMVD,ST,8.85,8.85,8.85,8.85,8.85,8.45,4040,35754.00,24-Feb-2026,1,INE702Y01013
SNEHAA,SM,45.25,48,45.25,46.05,46.05,47.1,9000,425300.00,24-Feb-2026,7,INE1OIC01018
SNOWMAN,EQ,39.13,40.57,39.13,39.35,39.34,40.11,157727,6234836.87,24-Feb-2026,1089,INE734N01019
SOBHA,EQ,1511.1,1513.1,1445.1,1455.6,1454,1513.1,107794,158903699.80,24-Feb-2026,13744,INE671H01015
SOFTTECH,EQ,290,301.9,274.95,284.75,280,297,1465,416288.80,24-Feb-2026,189,INE728Z01015
SOLARINDS,EQ,13255,13339,13080,13279,13330,13370,101863,1347892243.00,24-Feb-2026,16349,INE343H01029
SOLARA,EQ,472.3,478.2,464.2,473.15,473.55,472.3,54255,25479742.70,24-Feb-2026,3586,INE624Z01016
SOLARAPP1,E1,326.55,326.55,317,317,317,326.5,895,291464.75,24-Feb-2026,17,IN9624Z01022
SOLARWORLD,EQ,202,203.87,196.98,199.95,200.5,204.58,121584,24295741.82,24-Feb-2026,5221,INE0TY101024
SOLEX,EQ,970,980,952.1,957.3,956,967.65,15327,14735196.85,24-Feb-2026,1418,INE880Y01017
BALCO,SM,19.5,19.5,18.4,19,18.4,19.35,8400,159480.00,24-Feb-2026,7,INE0U0201016
SDBL,EQ,82.27,82.49,79,79.85,80.4,82.3,672764,54065218.29,24-Feb-2026,7868,INE480C01038
SOMATEX,BE,117.7,117.7,117.7,117.7,117.7,120.1,4332,509876.40,24-Feb-2026,26,INE314C01013
SOMANYCERA,EQ,405.2,407.2,388.45,392.35,396,407.2,48296,19208329.10,24-Feb-2026,2718,INE355A01028
SOMICONVEY,EQ,109.57,109.57,104.22,105.99,106.3,107.31,4931,520786.09,24-Feb-2026,207,INE323J01019
SONACOMS,EQ,533,536.8,525.1,529.45,530,536.05,821398,434336426.70,24-Feb-2026,23408,INE073K01018
SONAMAC,SM,39.4,39.4,38.05,38.05,38.05,39.4,5000,193400.00,24-Feb-2026,5,INE0Q6H01012
SONAMLTD,EQ,48.3,49.89,47.6,48.24,48.49,48.55,34431,1660493.38,24-Feb-2026,291,INE00LM01029
SONATSOFTW,EQ,282.4,282.4,268.95,270.15,270.4,281.65,751337,205038655.00,24-Feb-2026,17231,INE269A01021
SONUINFRA,SM,70.5,73,70.3,73,73,74,48000,3407400.00,24-Feb-2026,26,INE0JZA01018
SOTAC,SM,115,115,115,115,115,118.75,1200,138000.00,24-Feb-2026,1,INE0O2D01012
SOUTHWEST,BE,190.05,192.8,183.48,184.14,184.1,193.13,68803,12776159.21,24-Feb-2026,547,INE980Y01015
SPRL,SM,101.65,101.65,101.65,101.65,101.65,107,800,81320.00,24-Feb-2026,1,INE0JW501011
SPCENET,EQ,5.3,5.3,5.12,5.19,5.2,5.24,525568,2734803.86,24-Feb-2026,1120,INE970N01027
SSFLPP,E1,122.55,126.4,121.25,124.9,126.3,122.45,4545,566930.95,24-Feb-2026,185,IN9572J01019
SPANDANA,EQ,251,251.55,248,249.95,250.5,250.8,94084,23445660.45,24-Feb-2026,2255,INE572J01011
SPEB,SM,56.95,56.95,51.05,52,52,56,20000,1064400.00,24-Feb-2026,9,INE1CW901027
SPECIALITY,EQ,101.4,101.4,99.91,100.78,100.6,101.45,40879,4115060.22,24-Feb-2026,435,INE247M01014
SPECTRUM,EQ,1371,1418.9,1345.6,1395.4,1403,1371.5,2561,3552368.40,24-Feb-2026,304,INE01EO01010
SPECTSTM,SM,76.5,76.5,76.5,76.5,76.5,75.6,800,61200.00,24-Feb-2026,1,INE0OL001018
SPENCERS,EQ,34,34.34,32.82,33.13,33.3,34.13,73016,2447546.63,24-Feb-2026,712,INE020801028
SPIC,EQ,69.81,69.91,68.5,69.36,69.55,69.84,359998,24877877.37,24-Feb-2026,2662,INE147A01011
SPLIL,EQ,29.51,30.47,29.25,29.6,29.5,29.98,3401,100971.78,24-Feb-2026,53,INE978G01016
SPMLINFRA,EQ,173.4,174,170,172.56,174,173.29,88278,15184015.36,24-Feb-2026,1928,INE937A01023
SPORTKING,EQ,115.5,116.9,113,114.22,114.6,115.98,132682,15104042.35,24-Feb-2026,1287,INE885H01029
SPUNWEB,SM,115,115,115,115,115,120,1200,138000.00,24-Feb-2026,1,INE19QH01010
SRHHYPOLTD,EQ,473.45,477.95,470,471.4,475,475.85,5825,2761049.10,24-Feb-2026,486,INE917H01012
SREEL,EQ,200.59,202.5,200.05,200.41,201.88,201.94,1399,281029.00,24-Feb-2026,67,INE099F01013
SRF,EQ,2625,2632,2553,2583.6,2591,2646.1,602613,1559290089.30,24-Feb-2026,36616,INE647A01010
SRGHFL,EQ,274.9,278.85,265.7,273.55,274,263.8,4293,1171054.80,24-Feb-2026,117,INE559N01010
HAVISHA,EQ,1.68,1.68,1.61,1.65,1.65,1.64,6158,10155.84,24-Feb-2026,69,INE293B01029
LOTUSDEV,EQ,145.84,146.18,140.29,141.05,141.2,145.84,864319,122715455.27,24-Feb-2026,8105,INE0V9Q01010
SSFL,SM,141.85,141.85,135,140.35,141,137.65,17500,2426700.00,24-Feb-2026,26,INE0ON201012
SRIVASAVI,SM,50,50.9,50,50.9,50.9,50,8000,400900.00,24-Feb-2026,8,INE0NPI01014
SRM,EQ,424,424.85,415.65,420.35,419.55,421.5,54967,23091297.45,24-Feb-2026,2116,INE0R6Z01013
STALLION,EQ,122.38,122.38,122.38,122.38,122.38,128.82,553663,67757277.94,24-Feb-2026,1637,INE0RYC01010
SETL,EQ,125.2,126.12,122.51,124.05,124.99,126.19,143318,17745979.71,24-Feb-2026,1930,INE0M4D01010
SIL,EQ,16.2,16.98,16,16.32,16.23,16.12,21560,350541.76,24-Feb-2026,340,INE173A01025
STANLEY,EQ,170.6,174.09,167.11,167.74,167.12,173.83,123219,20833119.23,24-Feb-2026,3629,INE01A001028
STARCEMENT,EQ,219.55,219.55,214.8,217.6,217.2,219.74,294183,63629824.26,24-Feb-2026,8418,INE460H01021
STARHEALTH,EQ,459.5,459.5,450.55,455.65,455.5,459.5,199832,90868257.50,24-Feb-2026,9455,INE575P01011
STARPAPER,EQ,144.62,144.77,141.81,142.56,143,143.23,7602,1089973.39,24-Feb-2026,217,INE733A01018
STARTECK,EQ,271.15,272.05,268.4,268.75,268.5,271.1,8834,2393366.40,24-Feb-2026,144,INE992I01013
SBIN,EQ,1232,1234.7,1219.7,1223.3,1227,1227.8,15788449,19343395463.90,24-Feb-2026,254767,INE062A01020
SAIL,EQ,156.7,160.68,152.05,160.18,160.07,156.68,47145393,7436163617.69,24-Feb-2026,100085,INE114A01011
STEELCITY,EQ,89.09,89.55,87.57,88.23,88,88.07,8397,744028.45,24-Feb-2026,157,INE395H01011
STEELXIND,EQ,7.73,7.83,7.65,7.69,7.7,7.71,740610,5715956.26,24-Feb-2026,1467,INE503B01021
SSWL,EQ,217.71,217.71,210.01,213.57,213.99,217.71,136957,29200328.10,24-Feb-2026,2272,INE802C01033
STEELCAS,EQ,237.31,249,235,238.84,239,239.5,88314,21240178.63,24-Feb-2026,2775,INE124E01038
STEL,EQ,471.6,493.05,471.6,488.45,483,478.8,4547,2201712.45,24-Feb-2026,334,INE577L01016
STERTOOLS,EQ,227.6,229.45,224.6,228.15,226.15,229.7,30245,6856363.05,24-Feb-2026,1259,INE334A01023
STLTECH,EQ,166,171.15,162.68,165.11,165.5,167.6,6369840,1060149678.75,24-Feb-2026,42576,INE089C01029
SGL,EQ,12.75,12.75,12.1,12.33,12.5,12.75,13260,165513.39,24-Feb-2026,169,INE353H01010
STLNETWORK,EQ,21,21.38,20.43,20.74,20.75,20.88,1204590,24888493.63,24-Feb-2026,2317,INE1VXE01018
STOVEKRAFT,EQ,509,509,481.5,483.45,483.1,494.7,49738,24309405.50,24-Feb-2026,2121,INE00IN01015
STAR,EQ,870,871.05,857,861,862,874.75,126250,108811741.00,24-Feb-2026,7312,INE939A01011
SWSOLAR,EQ,210,211,202.5,204.51,204.91,211.43,1007463,207230819.97,24-Feb-2026,11438,INE00M201021
STUDDS,EQ,520,522.6,515.55,520.35,520,520.4,30167,15648922.25,24-Feb-2026,2217,INE00Q601028
STUDIOLSD,SM,10.05,10.4,10.05,10.35,10.35,10.45,36000,371900.00,24-Feb-2026,18,INE17VO01028
STYLAMIND,EQ,2214,2228,2210.2,2216.1,2215.3,2213.6,15489,34330939.20,24-Feb-2026,2543,INE239C01020
STYRENIX,EQ,1939.4,1939.4,1901,1915.8,1930,1940.3,17571,33645160.10,24-Feb-2026,3701,INE189B01011
SUBAHOTELS,SM,131.9,132.9,125,128.25,129.5,131.9,44400,5657280.00,24-Feb-2026,26,INE0RYR01018
SUBEXLTD,EQ,10,10,9.61,9.71,9.62,9.88,1375984,13375147.67,24-Feb-2026,2172,INE754A01055
SUBROS,EQ,802.45,804.15,790.05,799.4,794.9,805.75,27674,22064289.10,24-Feb-2026,1879,INE287B01021
SUDARSCHEM,EQ,891,900,872.6,887.6,892.35,901.25,40776,36171178.00,24-Feb-2026,3174,INE659A01023
SUDARCOLOR,EQ,352,356.95,345,347.4,345,353.95,6120,2141961.60,24-Feb-2026,323,INE492A01029
SUDEEPPHRM,EQ,613.25,662.75,605.5,644.2,650.05,631.6,279133,173670725.70,24-Feb-2026,9321,INE0QPI01025
SUKHJITS,EQ,174.26,183.01,171.5,181.22,182.93,177.68,47778,8516780.85,24-Feb-2026,1154,INE450E01029
SULA,EQ,175.31,175.84,172,172.39,172.82,175.31,350017,60841966.59,24-Feb-2026,6435,INE142Q01026
SUMEETINDS,EQ,24,24,22,22.2,22.15,23.12,91744,2070351.89,24-Feb-2026,350,INE235C01036
SUMIT,EQ,44.6,44.61,40,41.16,40.82,43.66,187664,7952236.51,24-Feb-2026,1057,INE748Z01013
SUMICHEM,EQ,411.75,411.75,402.9,404.85,404.7,412.4,355164,144229979.15,24-Feb-2026,5769,INE258G01013
SUMMITSEC,EQ,1715,1725.7,1666.7,1683.9,1676,1730.6,6308,10720171.90,24-Feb-2026,1127,INE519C01017
SPARC,EQ,128.06,129.02,125,127.5,127.99,128.06,473343,59909572.10,24-Feb-2026,5946,INE232I01014
SUNPHARMA,EQ,1732,1745.9,1723.7,1731.8,1737.8,1732.3,2769363,4804266424.30,24-Feb-2026,91605,INE044A01036
SUNTV,EQ,584,595,583,588.65,594.4,586.6,159726,93817728.00,24-Feb-2026,6227,INE424H01027
SUNDRMBRAK,EQ,698,698,655.35,671.05,694,676.55,1900,1276582.00,24-Feb-2026,145,INE073D01013
SUNCLAY,EQ,1357,1360,1331,1352.4,1355,1360.4,6907,9280777.30,24-Feb-2026,985,INE0Q3R01026
SUNDARMFIN,EQ,5309,5525,5200,5467,5494,5354.5,65026,348806624.00,24-Feb-2026,18631,INE660A01013
SUNDARAM,EQ,1.59,1.6,1.51,1.55,1.55,1.59,332929,519279.70,24-Feb-2026,471,INE108E01023
SUNDRMFAST,EQ,924.6,930,916.1,923.05,922.75,927.75,25442,23436324.80,24-Feb-2026,5247,INE387A01021
SOCL,SM,26,26,25.35,25.85,26,26,20800,535440.00,24-Feb-2026,7,INE0CTB01014
SUNDROP,EQ,650.05,664.5,650.05,655.2,651.15,657,7508,4943237.80,24-Feb-2026,960,INE209A01019
SUNFLAG,EQ,242.78,242.78,236.1,238.82,240,241.57,97909,23388023.84,24-Feb-2026,1435,INE947A01014
SEL,SM,175,196.1,169.05,190,190,180.7,4000,725290.00,24-Feb-2026,20,INE0O3O01017
SUNLITE,ST,345,346.45,332.55,332.55,332.55,350.05,25800,8615730.00,24-Feb-2026,36,INE0U2N01013
SUNTECH,SM,38,38.8,36.6,37.7,37.7,37.3,24000,896960.00,24-Feb-2026,9,INE0SGZ01016
SUNTECK,EQ,407.4,407.45,397.05,401.25,402,410.45,75711,30289076.85,24-Feb-2026,4938,INE805D01034
SUPERSPIN,EQ,6.3,6.98,6.3,6.66,6.6,6.54,27971,188976.86,24-Feb-2026,319,INE662A01027
SUPERHOUSE,EQ,158.3,163,156.5,157.59,156.7,160.69,8816,1392744.21,24-Feb-2026,385,INE712B01010
SUPRAJIT,EQ,415,435,408.1,423.3,420,417.9,79738,33061613.65,24-Feb-2026,5695,INE399C01030
SUPREMEENG,BZ,0.81,0.89,0.81,0.89,0.89,0.85,13732,11934.88,24-Feb-2026,41,INE319Z01021
SUPREME,EQ,58.49,58.57,54.96,55.55,55.05,58.04,27565,1552532.43,24-Feb-2026,462,INE822E01011
SUPREMEIND,EQ,3928.4,4002,3922.3,3961.4,3960.1,3940.6,422784,1673494930.30,24-Feb-2026,44822,INE195A01028
SUPREMEINF,BZ,82.5,82.5,78,79.91,79.94,79.97,34833,2801511.01,24-Feb-2026,215,INE550H01011
SPLPETRO,EQ,640.4,662.8,640.4,649.55,651.1,649.05,73625,48138340.85,24-Feb-2026,9721,INE663A01033
SUPREMEPWR,SM,144,147.7,130.55,141.95,142.5,145.5,54500,7710775.00,24-Feb-2026,82,INE0QHG01026
SUPRIYA,EQ,667.5,669.3,656.85,662.85,663.1,669.35,67117,44398767.15,24-Feb-2026,4344,INE07RO01027
SURAJEST,EQ,216,220.02,211.11,211.76,212.2,214.45,89784,19120786.58,24-Feb-2026,1935,INE843S01025
SURAJLTD,EQ,225,229,220,228.98,228.99,223.04,1120,254917.16,24-Feb-2026,50,INE713C01016
SURAKSHA,EQ,280.25,284.6,275.45,282.25,282.6,285.05,19959,5621458.20,24-Feb-2026,568,INE877V01027
SURANASOL,EQ,23.17,23.72,22.2,23.1,23.3,23.17,30742,710378.51,24-Feb-2026,559,INE272L01022
SURANAT&P,EQ,18.88,18.88,17.71,18.01,18.08,18.44,106222,1929323.73,24-Feb-2026,1274,INE130B01031
SURANI,SM,58,58,58,58,58,58,200,11600.00,24-Feb-2026,1,INE01ZJ01015
SBGLP,EQ,30.01,30.33,29.05,29.47,29.35,30.01,11104,326664.38,24-Feb-2026,140,INE05ST01028
SURYAROSNI,EQ,223,226.6,221.75,222.69,222.98,224.22,341464,76318459.55,24-Feb-2026,6683,INE335A01020
SURYALAXMI,EQ,62.25,63.8,60.5,60.69,60.8,62.25,5527,341914.29,24-Feb-2026,81,INE713B01026
SURYODAY,EQ,117.12,118.51,115.41,116.44,116.02,118.79,739376,86279215.05,24-Feb-2026,4928,INE428Q01011
SUTLEJTEX,EQ,31.15,32.04,31.02,31.34,31.33,32.04,49236,1546752.84,24-Feb-2026,248,INE645H01027
SUVEN,EQ,150,152.39,145.6,148.96,149.45,150.95,164413,24387336.40,24-Feb-2026,2621,INE495B01038
SUVIDHAA,EQ,3.04,3.07,2.95,3.01,3,2.98,125552,379931.78,24-Feb-2026,224,INE018401013
SUYOG,EQ,647.55,664.4,635.3,662.75,664,652.55,13624,8905303.70,24-Feb-2026,870,INE442P01014
SUZLON,EQ,44.25,44.39,43.36,44.13,44.35,44.25,56568697,2482334514.65,24-Feb-2026,100043,INE040H01021
SVPGLOB,BE,3.05,3.05,2.99,2.99,2.99,3.05,9753,29225.34,24-Feb-2026,54,INE308E01029
SWANCORP,EQ,380.85,395.05,372.1,385.75,386,379,2380560,914380905.45,24-Feb-2026,38955,INE665A01038
SWARAJENG,EQ,3560,3560,3500,3538.3,3536.1,3563,6465,22765251.20,24-Feb-2026,1302,INE277A01016
SWARAJ,ST,313,313,306.9,309.35,309,312.85,10500,3256800.00,24-Feb-2026,21,INE0GMR01016
SWASTIK,SM,18.2,20.2,18.2,18.5,18.5,18.75,8400,159840.00,24-Feb-2026,7,INE0DGC01025
SWELECTES,EQ,535,545.05,523.05,528.35,527.2,535.85,7002,3712403.20,24-Feb-2026,591,INE409B01013
SWIGGY,EQ,318.2,322.35,310.55,314,314.4,321.1,7337473,2305425679.55,24-Feb-2026,64824,INE00H001014
SYLVANPLY,SM,47.9,47.9,46,47.9,47.9,49,8000,378600.00,24-Feb-2026,4,INE01IH01015
SYMPHONY,EQ,848,848.7,833.5,839.35,838,846.8,112242,94094432.25,24-Feb-2026,9317,INE225D01027
SYNCOMF,EQ,13.24,13.37,11.53,12.82,12.93,13.31,1562555,20319911.54,24-Feb-2026,3501,INE312C01025
SGIL,EQ,515,524,515,519.95,524,515.2,7499,3888928.90,24-Feb-2026,284,INE00QT01015
SYNGENE,EQ,446.95,447.85,434.65,437.1,436.95,446.95,651929,287317333.55,24-Feb-2026,23006,INE398R01022
SYRMA,EQ,837.95,843.15,815.15,826.95,831.3,841.8,624176,515401849.20,24-Feb-2026,25407,INE0DYJ01015
SYSTANGO,ST,264,274.95,256,258.45,256,266,21200,5601500.00,24-Feb-2026,52,INE0O7R01011
SYSTMTXC,EQ,70.55,77.24,70.55,76.29,76.55,78.06,88252,6607343.75,24-Feb-2026,962,INE356B01024
TTL,BE,9.96,9.99,9.34,9.78,9.78,9.83,64918,625044.03,24-Feb-2026,127,INE592B01024
TAC,SM,499,499,415.7,443.35,450,519.6,1375600,584736450.00,24-Feb-2026,2743,INE0SOY01013
TAINWALCHM,EQ,190.36,193.45,185.01,190.08,192.85,189.42,6246,1183877.58,24-Feb-2026,221,INE123C01018
TAJGVK,EQ,341.95,343.8,333.75,337.75,337,341,82554,27881648.25,24-Feb-2026,3280,INE586B01026
TAKE,BE,46.9,49.06,45.65,46.7,46.77,46.73,651081,30637664.91,24-Feb-2026,2695,INE142I01023
TALBROAUTO,EQ,272.15,274.9,261.55,263.8,266.75,276.55,61571,16413878.45,24-Feb-2026,2556,INE187D01029
TMB,EQ,698.15,708,688.25,692.55,697.55,698.15,293095,203871607.05,24-Feb-2026,10199,INE668A01016
TNPL,EQ,136.88,137.1,135.3,136.16,135.7,136.88,24646,3359976.85,24-Feb-2026,794,INE107A01015
TNPETRO,EQ,92,92.27,90,91.12,92.25,92.23,168552,15340057.06,24-Feb-2026,2179,INE148A01019
TNTELE,EQ,8.45,9.19,8.45,8.68,8.69,8.36,79530,712085.05,24-Feb-2026,409,INE141D01018
TANKUP,ST,543.6,543.6,543.6,543.6,543.6,554.65,250,135900.00,24-Feb-2026,1,INE0Z7N01017
TANLA,EQ,456,457.65,440.6,446.55,445.95,462.4,625069,277974737.50,24-Feb-2026,21213,INE483C01032
TARACHAND,EQ,63.1,65,63.1,63.36,63.11,63.61,71179,4542883.39,24-Feb-2026,1008,INE555Z01020
TARAPUR,EQ,26.68,26.81,25.84,26.06,26,26.68,16653,433239.74,24-Feb-2026,167,INE747K01017
TARC,EQ,154,154,149.43,150.99,151.04,153.68,612763,92466113.03,24-Feb-2026,4732,INE0EK901012
TARMAT,EQ,52.94,55.9,52.52,53.94,54.4,52.94,19558,1066311.56,24-Feb-2026,371,INE924H01018
TARSONS,EQ,191.98,192.01,184.51,185.49,185.02,191.66,131883,24616546.57,24-Feb-2026,2289,INE144Z01023
TASTYBITE,EQ,7522.5,7522.5,7300,7325.5,7305,7456,970,7147138.00,24-Feb-2026,339,INE488B01017
TATACAP,EQ,338.2,339.85,334.55,337.45,337.1,339.05,922459,311417583.00,24-Feb-2026,29871,INE976I01016
TATACHEM,EQ,710.25,715.9,699.1,710,710.2,714.45,471472,333446828.75,24-Feb-2026,21000,INE092A01019
TATACOMM,EQ,1685.3,1685.3,1590.1,1622.8,1632,1681.6,334083,542743649.60,24-Feb-2026,27547,INE151A01013
TCS,EQ,2641,2647.5,2561.3,2573.7,2581,2676.3,7798833,20175518856.60,24-Feb-2026,424406,INE467B01029
TATACONSUM,EQ,1161,1182.4,1160.7,1178,1176,1171.8,625615,734528273.50,24-Feb-2026,35466,INE192A01025
TATAELXSI,EQ,4675.5,4700,4455,4498,4518,4714,465584,2110519318.50,24-Feb-2026,54880,INE670A01012
TATAINVEST,EQ,685.3,685.3,663.15,666.2,668,688.2,909270,607603269.70,24-Feb-2026,24368,INE672A01026
TMCV,EQ,483.3,483.35,472.55,475.5,475.05,479.8,7967467,3798920994.65,24-Feb-2026,123658,INE1TAE01010
TMPV,EQ,376.85,380.3,371.65,377.55,376,379.95,7213746,2722896283.90,24-Feb-2026,87436,INE155A01022
TATAPOWER,EQ,377,380.45,372.5,379.75,380,379.25,3005896,1133423740.65,24-Feb-2026,37450,INE245A01021
TATASTEEL,EQ,207.21,209.54,206.75,209.13,209,208.14,23413086,4883616282.46,24-Feb-2026,191819,INE081A01020
TATATECH,EQ,596,597.3,568.8,572.15,574,600.55,1747763,1009678358.25,24-Feb-2026,51624,INE142M01025
TTML,EQ,42.7,43.1,41.63,42.33,42.03,42.71,1414230,59457198.07,24-Feb-2026,9475,INE517B01013
NETF,EQ,284.7,284.7,274.55,275.2,278.99,278.5,7522,2074989.21,24-Feb-2026,310,INF277K015R5
NPBET,EQ,300.15,302.5,297.25,299.39,302.5,298.66,159,47560.54,24-Feb-2026,27,INF277K010X4
TNIDETF,EQ,87.98,87.98,81.85,82.5,83,85.84,422328,34815908.00,24-Feb-2026,3277,INF277KA1364
TATAGOLD,EQ,15.48,15.48,15.01,15.36,15.38,15.22,92623726,1421563954.17,24-Feb-2026,103703,INF277KA1976
TATSILV,EQ,25.39,25.89,25.01,25.43,25.45,25.39,145490622,3704384832.82,24-Feb-2026,136034,INF277KA1984
TATVA,EQ,1214,1231,1206.6,1228.6,1231,1222.6,33761,41125488.20,24-Feb-2026,2642,INE0GK401011
TAURIAN,SM,232.25,233.5,226.25,232.45,232.45,236.95,16800,3859120.00,24-Feb-2026,20,INE0XWS01018
729IRFC26,NN,1049,1049,1049,1049,1049,1024.2,10,10490.00,24-Feb-2026,1,INE053F07892
753IRFC30,NJ,1098.3,1101,1098.3,1101,1101,1100.4,25,27484.50,24-Feb-2026,3,INE053F07835
764IRFC31,NO,1111,1115.5,1108.05,1115.5,1115.5,1110,1001,1111342.05,24-Feb-2026,16,INE053F07900
739NHAI31A,ND,1188,1193.94,1188,1193.94,1193.94,1122,56,66533.94,24-Feb-2026,2,INE906B07EO8
769NHAI31,NE,1119,1119,1119,1119,1119,1114.73,1,1119.00,24-Feb-2026,1,INE906B07EP5
76NHAI31,NA,1153,1153,1148.5,1152.99,1152.99,1153,586,673668.65,24-Feb-2026,10,INE906B07EJ8
TBI,SM,71,72.4,71,71.45,71.45,71,5400,385260.00,24-Feb-2026,6,INE0N2D01013
TBOTEK,EQ,1332.2,1335,1299,1309.4,1311.3,1338.2,180609,236565875.80,24-Feb-2026,13153,INE673O01025
TCIEXP,EQ,553.25,555.05,541.35,545.2,548,554.2,7401,4047394.55,24-Feb-2026,628,INE586V01016
TCIFINANCE,BE,15.15,15.32,14.49,14.55,14.8,15.22,40304,594177.49,24-Feb-2026,197,INE911B01018
TCPLPACK,EQ,2764,2779.9,2687,2718.1,2715.6,2763.9,2635,7164396.00,24-Feb-2026,660,INE822C01015
TDPOWERSYS,EQ,905.1,911.95,884.3,888.2,889.9,903.8,984831,880357662.15,24-Feb-2026,47763,INE419M01027
TEAMGTY,EQ,264.95,273.95,250.2,269.75,273.85,254.65,1822,486833.70,24-Feb-2026,66,INE289C01025
TEAMLEASE,EQ,1308.7,1308.7,1248,1259.5,1285,1300.9,37554,47572538.60,24-Feb-2026,2103,INE985S01024
TPHQ,EQ,0.57,0.59,0.56,0.57,0.57,0.57,2219549,1272507.05,24-Feb-2026,500,INE065J01024
TECHM,EQ,1420,1423.2,1335.3,1345.4,1352,1440.9,7441035,10116774291.50,24-Feb-2026,174695,INE669C01036
TECHD,SM,451.25,458.35,394,402.65,402,464.65,142800,58881720.00,24-Feb-2026,220,INE0Y5H01014
TECHERA,SM,187.65,192,186,189.55,190,195.75,62400,11757600.00,24-Feb-2026,69,INE0JQS01019
TECHNOE,EQ,1150.05,1209,1138.2,1169.45,1173,1160.15,401714,472209339.65,24-Feb-2026,32171,INE285K01026
TIIL,EQ,2310,2415,2300,2379.9,2408,2311,16776,39807133.10,24-Feb-2026,2888,INE545H01011
TECILCHEM,EQ,13.01,14.52,12.75,13.08,13.69,13.71,5567,73804.01,24-Feb-2026,85,INE014B01011
TGL,ST,50.05,50.05,47,50.05,50.05,47.7,109000,5427960.00,24-Feb-2026,256,INE0K6601012
TEGA,EQ,1714.7,1799,1697.6,1782.2,1776,1727,148617,259999368.20,24-Feb-2026,11618,INE011K01018
TEJASCARGO,SM,280,289,274.55,289,289,289,3200,902220.00,24-Feb-2026,8,INE17WC01013
TEJASNET,EQ,325.5,325.5,312.45,317,316.5,326.5,883326,279742609.60,24-Feb-2026,21588,INE010J01012
TEMBO,EQ,536,541.05,531,535.5,535.95,533.85,30705,16465533.30,24-Feb-2026,1248,INE869Y01010
TENNIND,EQ,577,578.9,561.5,565.6,567.25,574.95,274335,156169845.75,24-Feb-2026,11851,INE19RI01016
TERASOFT,EQ,416.8,416.8,402.1,405.75,409.8,416,12017,4913075.95,24-Feb-2026,611,INE482B01010
TEXINFRA,EQ,93.01,95,92.8,94.51,93.5,94.48,56266,5268434.73,24-Feb-2026,556,INE435C01024
TEXRAIL,EQ,111,111,106.2,106.7,107,111.17,2430767,261207827.56,24-Feb-2026,19942,INE621L01012
TEXMOPIPES,EQ,46.53,46.95,45.36,45.82,45.77,46.53,11528,529052.21,24-Feb-2026,217,INE141K01013
728NTPC30B,N9,1320,1320,1320,1320,1320,1320,90,118800.00,24-Feb-2026,1,INE733E07JS0
737NTPC35C,NA,1391,1391,1391,1391,1391,1179,26,36166.00,24-Feb-2026,1,INE733E07JT8
753NTPC30E,NC,1097.13,1097.13,1097.13,1097.13,1097.13,1098,94,103130.22,24-Feb-2026,1,INE733E07JV4
TGBHOTELS,EQ,9.41,9.41,9,9.04,9.03,9.3,18543,168987.18,24-Feb-2026,133,INE797H01018
TCL,SM,98,98,97,98,98,97.75,5600,546400.00,24-Feb-2026,7,INE0QJL01014
THANGAMAYL,EQ,3638.3,3825,3562.3,3745.8,3745,3593.1,297963,1114126835.70,24-Feb-2026,34816,INE085J01014
ANUP,EQ,1730,1730,1617,1630.6,1640.4,1729.5,90819,149796727.50,24-Feb-2026,12797,INE294Z01018
BYKE,EQ,46.25,48.51,46.1,46.4,46.17,47.08,74174,3463615.27,24-Feb-2026,582,INE319B01014
GESHIP,EQ,1300,1327,1293.2,1323.2,1324,1299.2,542567,712059688.50,24-Feb-2026,35316,INE017A01032
GROBTEA,EQ,962.4,962.4,862.4,918.15,919,965.9,380,348789.10,24-Feb-2026,93,INE646C01018
HITECHGEAR,BE,645,648.8,625,629.95,629.95,644.05,3243,2048442.65,24-Feb-2026,80,INE127B01011
INDIACEM,EQ,426.95,428.7,418.2,425.75,425.65,426.95,180537,76355232.80,24-Feb-2026,7697,INE383A01012
INDHOTEL,EQ,669.1,679.1,668.3,676.15,678,675.1,2532825,1703134299.80,24-Feb-2026,42995,INE053A01029
THEINVEST,EQ,98.09,101,97.02,100.31,101,98.06,8522,843514.22,24-Feb-2026,252,INE924D01017
NIACL,EQ,151,151.72,148.25,149.47,149.84,151.8,220107,32994652.02,24-Feb-2026,5313,INE470Y01017
PKTEA,EQ,786,790,786,789.9,790,790,37,29226.00,24-Feb-2026,4,INE431F01018
PHOENIXLTD,EQ,1711.2,1720.7,1667.1,1692.6,1696.9,1716.3,358345,606502510.40,24-Feb-2026,28555,INE211B01039
RAMCOCEM,EQ,1143.3,1152,1128.4,1147.1,1147,1143.3,59370,67602097.10,24-Feb-2026,4980,INE331A01037
RUBYMILLS,EQ,192.05,193.9,190.13,190.93,192,191.52,4121,790060.52,24-Feb-2026,170,INE301D01026
SOUTHBANK,EQ,40.2,41.43,40.12,41.16,41.15,40.52,16706067,683592796.42,24-Feb-2026,35765,INE683A01023
STCINDIA,EQ,119,119,116.03,116.56,116.8,117.98,34358,4041100.11,24-Feb-2026,589,INE655A01013
UGARSUGAR,EQ,35.85,35.91,35.12,35.58,35.6,35.92,60012,2138061.70,24-Feb-2026,750,INE071E01023
WIPL,EQ,148,152.99,145.5,152.91,152.99,152.49,1101,167778.03,24-Feb-2026,19,INE215F01023
THEJO,EQ,1683.7,1711.8,1670,1671.9,1680.4,1725.2,1830,3076313.10,24-Feb-2026,523,INE121N01019
THEMISMED,EQ,89.26,89.45,85.25,85.61,86.4,89.27,43469,3771571.59,24-Feb-2026,925,INE083B01024
THERMAX,EQ,3126.5,3157.6,3111,3148.2,3155,3155.6,148525,465579050.40,24-Feb-2026,11293,INE152A01029
THESL,SM,16.5,16.55,16.5,16.55,16.55,17.3,6000,99150.00,24-Feb-2026,2,INE0SHE01019
TIRUMALCHM,EQ,198,198.8,190.2,192.72,193.4,197.55,182887,35607492.67,24-Feb-2026,5356,INE338A01024
THOMASCOOK,EQ,109.43,110.1,106,107.13,107.81,109.32,603014,64860440.71,24-Feb-2026,8054,INE332A01027
THOMASCOTT,EQ,325,325,313,313.85,313.05,322.45,8923,2831440.80,24-Feb-2026,575,INE480M01011
THYROCARE,EQ,405,415,393.3,399.95,402.15,410.4,695864,278516841.80,24-Feb-2026,23625,INE594H01019
TIGERLOGS,EQ,32.21,32.49,31.22,31.88,32.25,31.87,45155,1441045.37,24-Feb-2026,473,INE906O01029
TIJARIA,BE,4.69,4.84,4.38,4.54,4.57,4.61,73442,329199.11,24-Feb-2026,141,INE440L01017
TIL,EQ,236.25,240.29,224.1,227.41,226.33,241.56,45460,10529613.95,24-Feb-2026,1324,INE806C01018
TI,EQ,451.45,452.5,441.1,444.75,443,451.45,261896,116923477.20,24-Feb-2026,10119,INE133E01013
TIMETECHNO,EQ,191.5,193.32,187.89,188.87,190.42,191.96,1258682,240341290.87,24-Feb-2026,21413,INE508G01029
TIMKEN,EQ,3215.9,3265,3207.6,3254.9,3260,3215.5,26481,85766273.40,24-Feb-2026,7196,INE325A01013
TINNARUBR,EQ,742.6,744,705.15,725.1,721,742.6,20721,14948042.70,24-Feb-2026,2273,INE015C01016
TIPSFILMS,EQ,400,400,390,392,390.1,397.9,1020,401654.95,24-Feb-2026,52,INE0LQS01015
TIPSMUSIC,EQ,559.95,569.05,553.3,561.1,563,562.95,83128,46599984.75,24-Feb-2026,5737,INE716B01029
TIRUPATIFL,EQ,37.3,37.71,36.33,36.89,37.68,37.3,193197,7097237.59,24-Feb-2026,993,INE319Y01024
TITAGARH,EQ,741.5,741.7,730.1,733.9,735.4,745.1,301050,220872638.55,24-Feb-2026,14454,INE615H01020
TITAN,EQ,4240.4,4300,4235,4294.5,4292,4272.7,491126,2100605593.30,24-Feb-2026,42386,INE280A01028
TOKYOPLAST,EQ,91,91.93,85,87.89,88,91.98,8974,784638.32,24-Feb-2026,330,INE932C01012
TOLINS,EQ,117.5,118.23,115.22,117.17,117.45,118.45,69385,8096985.11,24-Feb-2026,1778,INE0RWQ01014
TORNTPHARM,EQ,4307,4423,4281.5,4397.9,4418.8,4307.6,846802,3710989103.30,24-Feb-2026,53549,INE685A01028
TORNTPOWER,EQ,1535.4,1569,1525.2,1541.8,1544,1536.4,902713,1394518842.30,24-Feb-2026,52074,INE813H01021
TOTAL,EQ,66.8,66.8,65.1,65.5,65.5,66.42,4244,278934.21,24-Feb-2026,26,INE336X01012
TOUCHWOOD,EQ,84.05,86.99,83.3,85.13,83.75,85.76,966,81790.70,24-Feb-2026,42,INE486Y01013
TFCILTD,EQ,78.83,80.45,77.21,78.02,78.25,78.35,11478217,905235448.96,24-Feb-2026,27596,INE305A01023
TPLPLASTEH,EQ,69.8,70.69,68.55,69.78,70,71.13,109454,7623815.28,24-Feb-2026,2106,INE413G01022
TRACXN,EQ,32.6,33.16,32.05,32.24,32.2,32.58,161214,5190351.00,24-Feb-2026,1904,INE0HMF01019
TARIL,EQ,303,309.5,299.89,302.52,303.7,304.41,4174802,1270188511.42,24-Feb-2026,57077,INE763I01026
TREL,EQ,23.85,23.85,22.9,23.44,23.51,23.5,148870,3486850.92,24-Feb-2026,407,INE0O3901029
TCI,EQ,1039.2,1048.9,1026.5,1030.1,1026.5,1044.4,14551,15092743.20,24-Feb-2026,3141,INE688A01022
TRANSRAILL,EQ,560,567.35,552,561.2,564,562.95,627500,350938449.05,24-Feb-2026,23668,INE454P01035
TRANSTEEL,SM,139.1,139.1,139.1,139.1,139.1,144,2000,278200.00,24-Feb-2026,2,INE0NVI01020
TFL,EQ,13.38,13.38,12.72,12.98,13,12.62,9943,129333.73,24-Feb-2026,42,INE804H01012
TRANSWIND,ST,21.9,21.9,21.9,21.9,21.9,21.9,4000,87600.00,24-Feb-2026,1,INE792X01016
TRANSWORLD,EQ,150,151.98,137.4,142.88,143.2,147.78,109039,15560157.97,24-Feb-2026,1900,INE757B01015
TRAVELFOOD,EQ,1218,1235,1206,1229.9,1233,1225.8,28708,35143402.90,24-Feb-2026,4365,INE103V01028
TREEHOUSE,EQ,9.5,9.5,8.4,9.12,9.4,9.15,119344,1066283.09,24-Feb-2026,526,INE040M01013
TREJHARA,BE,205.74,205.74,193,196.94,197,196.34,2195,431260.44,24-Feb-2026,49,INE00CA01015
TRENT,EQ,4060,4060.1,3900,3931.3,3932,4054.9,709985,2816368473.80,24-Feb-2026,51355,INE849A01020
TRF,EQ,267.6,268.4,265.05,267.3,268,267.5,4392,1171621.35,24-Feb-2026,201,INE391D01019
TBZ,EQ,153,153,146.66,148.14,149.5,153.22,382643,57253719.36,24-Feb-2026,4918,INE760L01018
TRIDENT,EQ,26.49,26.49,25.59,25.87,25.98,26.57,9518472,246404289.87,24-Feb-2026,19928,INE064C01022
TECHLABS,SM,170.15,175,168.1,168.55,170,176.9,50000,8437987.50,24-Feb-2026,200,INE0QD201012
TRIGYN,EQ,55.53,55.99,51.95,52.74,52.21,55.26,79324,4215023.73,24-Feb-2026,1424,INE948A01012
TRIVENI,EQ,381,381.8,375.3,380,381.8,381.8,56059,21214986.05,24-Feb-2026,3261,INE256C01024
TRITURBINE,EQ,488.75,491.2,479.4,484.65,486.8,493.35,490825,237783798.55,24-Feb-2026,21405,INE152M01016
TROM,SM,64,64,64,64,64,64,3600,230400.00,24-Feb-2026,2,INE0SYV01018
TRUALT,EQ,405.5,413.8,403.7,411.2,411,409.2,56055,22905447.05,24-Feb-2026,2286,INE0MWH01014
TRU,EQ,6.77,6.96,6.5,6.53,6.57,6.79,110570,730215.00,24-Feb-2026,434,INE615R01029
TRUST,SM,38,38.5,37,37.7,37.7,38.5,4200,159720.00,24-Feb-2026,5,INE0SWN01019
TSC,SM,36,36,35.55,35.55,35.55,36,12000,431100.00,24-Feb-2026,6,INE16VK01010
TSFINV,EQ,410.75,412.2,399.2,402.5,406.95,410.65,113781,46005123.20,24-Feb-2026,3736,INE202Z01029
935TSI32,N0,104343,104343,104343,104343,104343,104342.8,10,1043430.00,24-Feb-2026,1,INE1C3207032
TTKHLTCARE,EQ,924.4,929.8,912,916.25,914,924.4,6393,5890349.65,24-Feb-2026,2019,INE910C01018
TTKPRESTIG,EQ,529.8,545.55,525.8,540.65,545,529.8,18167,9732539.85,24-Feb-2026,2882,INE690A01028
TIINDIA,EQ,2541,2590,2512.3,2562.7,2561.8,2539.6,818791,2088293985.80,24-Feb-2026,39303,INE974X01010
TUNWAL,SM,29.05,29.1,28.9,28.95,28.95,28.9,26000,753400.00,24-Feb-2026,13,INE0OXV01027
TVTODAY,EQ,126,126,124.9,125.09,125,125.07,43598,5456551.29,24-Feb-2026,546,INE038F01029
TVVISION,BE,5.83,6.09,5.76,5.98,5.98,6.06,43736,255365.73,24-Feb-2026,101,INE871L01013
TVSELECT,BE,388.5,388.5,368,368.75,368,381.35,8127,3024482.90,24-Feb-2026,405,INE236G01019
TVSHLTD,EQ,14491,14550,14094,14325,14400,14491,4875,69594171.00,24-Feb-2026,1959,INE105A01035
TVSINVIT,IV,114.5,114.5,114.5,114.5,114.5,114,50000,5725000.00,24-Feb-2026,1,INE1JNC23012
TVSMOTOR,EQ,3830,3835,3743.4,3816.2,3820,3829.1,896496,3417773526.70,24-Feb-2026,78631,INE494B01023
TVSSRICHAK,EQ,4079.8,4079.8,3940.3,3998.8,4010,4055.4,2964,11863887.60,24-Feb-2026,773,INE421C01016
TVSSCS,BE,115.05,118,113.5,115.88,116,117.3,500917,57895452.66,24-Feb-2026,3125,INE395N01027
TICL,EQ,22.76,24.41,22.57,24.37,24.41,23.29,1470408,34931253.86,24-Feb-2026,2204,INE388G01026
UYFINCORP,EQ,14.57,14.85,14.2,14.34,14.6,14.88,106147,1533973.97,24-Feb-2026,397,INE152C01025
UCAL,EQ,110.21,110.21,106.16,107.21,106.54,108.19,8544,916777.97,24-Feb-2026,229,INE139B01016
10UCL26,ND,982,982,982,982,982,982,10,9820.00,24-Feb-2026,1,INE583D07562
1050UCL28,NH,1005,1010,996.1,1008,1008,1017.5,1162,1162389.28,24-Feb-2026,26,INE583D07596
UCOBANK,EQ,28.86,30.13,28.63,29.24,29.5,28.86,25161676,740380924.08,24-Feb-2026,44197,INE691A01018
USK,EQ,30.44,30.9,28.02,28.24,28.55,29.55,360058,10630023.15,24-Feb-2026,1320,INE0N0Y01013
UFLEX,EQ,460.5,461.05,455.1,457.8,459.3,458.1,14791,6770114.60,24-Feb-2026,498,INE516A01017
UFO,EQ,70.52,73.5,70.52,72.15,72,71.96,60406,4324377.90,24-Feb-2026,1186,INE527H01019
UGROCAP,EQ,116.3,116.3,112,114.53,115,116.67,522418,59614813.96,24-Feb-2026,6548,INE583D01011
UEL,EQ,197.38,197.38,178.6,196.83,197.38,187.99,59643,11572920.47,24-Feb-2026,1465,INE899L01030
UJJIVANSFB,EQ,61.81,61.92,59.82,60.74,60.97,61.79,11197479,677920401.02,24-Feb-2026,53515,INE551W01018
ULTRACEMCO,EQ,12972,13010,12900,12960,12944,12976,332450,4310054639.00,24-Feb-2026,50968,INE481G01011
UMA,SM,18.05,18.9,18.05,18.4,18.4,18.45,32000,592400.00,24-Feb-2026,8,INE067901012
UMAEXPORTS,EQ,29.42,29.52,28.9,28.99,28.94,29.27,20098,583450.95,24-Feb-2026,280,INE0GIU01018
UMIYA-MRO,EQ,84.06,86.8,82.62,85.39,86,84.05,29027,2441776.09,24-Feb-2026,299,INE398B01018
UNICHEMLAB,EQ,358.95,358.95,350.25,354.65,358.05,356.75,16763,5915951.75,24-Feb-2026,994,INE351A01035
UNIECOM,EQ,114.49,114.49,107.06,107.81,108.5,112.36,766792,83817990.71,24-Feb-2026,7878,INE00U401027
UNIHEALTH,ST,345.9,347.15,320,333.3,333.3,330.65,78000,26384900.00,24-Feb-2026,59,INE0PRF01011
UNIINFO,EQ,13.98,14,13.75,13.97,13.98,13.99,3396,47396.64,24-Feb-2026,34,INE481Z01011
UNILEX,SM,29.45,30,29.45,30,30,30.6,4800,142240.00,24-Feb-2026,3,INE0B2801011
UNIMECH,EQ,909.95,909.95,880,883.95,883.95,908.1,32318,28727905.95,24-Feb-2026,3338,INE0U3I01011
UNIONBANK,EQ,197.6,202.24,196.21,200.62,200.5,197.78,19355793,3870880267.14,24-Feb-2026,85508,INE692A01016
UNIONGOLD,EQ,158.65,158.7,153.1,154.45,154,154.05,22988,3562959.95,24-Feb-2026,440,INF582M01KS4
UNIPARTS,EQ,483.4,483.4,468.05,471.75,475,483.4,35826,16908743.90,24-Feb-2026,1693,INE244O01017
UNIENTER,EQ,109.12,110.48,105,107.5,106.8,109.12,10180,1094940.42,24-Feb-2026,171,INE037A01022
UNITECH,EQ,4.98,4.99,4.87,4.93,4.94,4.97,3820854,18847442.90,24-Feb-2026,2916,INE694A01020
UBL,EQ,1627,1627,1592.3,1599.4,1600,1633.4,88296,141389429.50,24-Feb-2026,6094,INE686F01025
UNIDT,EQ,183,183,174.01,174.81,175.05,181.59,16416,2911376.23,24-Feb-2026,411,INE961D01019
UFBL,EQ,249.8,249.99,244,245.39,244.75,249.63,16988,4178310.16,24-Feb-2026,950,INE382M01027
UHTL,SM,49,50,49,50,50,49,20000,989900.00,24-Feb-2026,7,INE0SMR01011
UNITEDTEA,EQ,504.8,506,495,501.7,505,500.25,15364,7675467.70,24-Feb-2026,911,INE458F01011
UNITEDPOLY,EQ,21.01,21.42,20.83,21.32,21.33,21.86,32282,684932.83,24-Feb-2026,205,INE368U01029
UNITDSPR,EQ,1418,1425,1405.6,1421.5,1422.5,1416.9,681459,965574239.20,24-Feb-2026,37536,INE854D01024
UNIVASTU,EQ,62.05,64.4,61.5,63.07,63.69,63.24,19239,1197686.56,24-Feb-2026,299,INE562X01013
UNIVCABLES,EQ,670,690.85,660.2,677.1,684,673.6,35951,24229881.40,24-Feb-2026,2409,INE279A01012
UNIVPHOTO,BE,380.31,383.98,368,377.37,380.5,380.31,10401,3934495.11,24-Feb-2026,156,INE03V001013
UNOMINDA,EQ,1184,1194.4,1167.1,1177.5,1177.4,1196,619798,729726815.00,24-Feb-2026,31549,INE405E01023
915SCL26,NE,1009,1009,1009,1009,1009,1015,830,837470.00,24-Feb-2026,1,INE148I08256
10IIFL28A,NE,1074.61,1090,1074.61,1078.31,1090,1099.48,1076,1156562.00,24-Feb-2026,4,INE530B08094
96IIFL28A,NF,998,998,995.25,996,996,995.01,920,917472.15,24-Feb-2026,14,INE530B08102
IIFLZC28C,N6,1495,1495,1490.5,1490.5,1490.5,1505,371,553880.00,24-Feb-2026,3,INE477L08162
96IIFL28,N5,995.7,998.97,995.7,997,997,995.71,189,188388.07,24-Feb-2026,11,INE477L08154
10IIFL29,N6,1025,1025,1024,1024,1024,1025,47,48152.00,24-Feb-2026,5,INE866I08279
105IIFL29,N7,1085,1085,1085,1085,1085,1127,24,26040.00,24-Feb-2026,2,INE866I08295
M&MFIN,N3,2295.8,2295.8,2295.8,2295.8,2295.8,2291,175,401765.00,24-Feb-2026,12,INE774D08MG3
910TCAP28,NA,1072.01,1072.01,1072.01,1072.01,1072.01,1075,81,86832.81,24-Feb-2026,1,INE306N08292
UDS,EQ,160.02,160.68,153.12,154.23,155.38,160.25,127661,19913553.17,24-Feb-2026,3612,INE851I01011
UPL,EQ,645,653.65,627.35,630.55,631.4,644.8,7889253,5020880455.70,24-Feb-2026,139727,INE628A01036
USASEEDS,SM,115,115,115,115,115,112,428,49220.00,24-Feb-2026,1,INE0CBM01019
URAVIDEF,EQ,158.49,158.49,147.87,150.36,151.99,149.18,6629,999801.56,24-Feb-2026,677,INE568Z01015
URBANCO,EQ,112.5,112.9,108.1,109.21,109.96,112.5,3572275,390785526.56,24-Feb-2026,22951,INE0CAZ01013
URBAN,SM,148,148,143,143.05,143,148,31200,4486560.00,24-Feb-2026,27,INE0O0201019
URJA,EQ,9.65,9.75,9.45,9.51,9.55,9.61,1122656,10699632.20,24-Feb-2026,3254,INE550C01020
USHAFIN,SM,29.95,29.95,29.95,29.95,29.95,29.55,1600,47920.00,24-Feb-2026,1,INE0LS001014
UMESLTD,EQ,4.26,4.58,4.2,4.4,4.41,4.42,9701,42844.37,24-Feb-2026,115,INE240C01028
USHAMART,EQ,403.2,409,397.25,406.05,408.15,405.25,295705,119442988.00,24-Feb-2026,10107,INE228A01035
UTIAMC,EQ,1075,1075,1041.15,1051.75,1052.35,1081.15,74354,78198530.00,24-Feb-2026,8125,INE094J01016
BANKBETA,EQ,62.76,63.6,62.76,63.01,63.06,63.14,59617,3761136.18,24-Feb-2026,688,INF789F1AUV1
GILT10BETA,EQ,26.04,26.41,25.89,26.36,26.41,25.92,28163,736429.08,24-Feb-2026,62,INF789F1AZF3
GILT5BETA,EQ,65.02,65.17,63.89,65.15,65.17,65.02,9027,584596.09,24-Feb-2026,128,INF789F1AZE6
ITBETA,EQ,330.13,333.96,312,314.09,315,330.12,16093,5104009.33,24-Feb-2026,316,INF789F1AZD8
MIDCAPBETA,EQ,220.54,220.61,218.41,220.61,220.61,220.61,930,204555.71,24-Feb-2026,43,INF789F1AYX9
NEXT50BETA,EQ,75.19,75.19,74.26,74.95,74.98,74.82,53559,3999547.57,24-Feb-2026,638,INF789F1AUW9
NIFTYBETA,EQ,282.4,282.4,279.14,280.47,280.36,282.94,64822,18180633.56,24-Feb-2026,3408,INF789F1AZC0
SENSEXBETA,EQ,911,923,902.01,913.19,920.24,917.43,5322,4830174.01,24-Feb-2026,278,INF789FB1X58
SILVERBETA,EQ,253.43,255.52,250.25,252.83,253,252.91,1185631,299784475.68,24-Feb-2026,8640,INF789F1AYK6
SNXT50BETA,EQ,91.88,92.68,90.24,91.9,92.35,91.86,2847,260285.28,24-Feb-2026,125,INF789F1AUU3
GOLDBETA,EQ,128.85,134.95,128.85,133.55,134.4,132.15,1585618,211534087.10,24-Feb-2026,5164,INF789F1AUX7
UTKARSHBNK,EQ,13.96,15.55,13.7,15.26,15.39,13.96,70274566,1048544249.78,24-Feb-2026,59689,INE735W01017
UTSSAV,SM,201.6,203,198,202.65,203,203.55,24600,4925010.00,24-Feb-2026,38,INE06IJ01010
UTTAMSUGAR,EQ,195,195.7,192.51,193.88,194.52,195.96,37226,7204443.98,24-Feb-2026,751,INE786F01031
VMARCIND,SM,702.4,705,683.6,686.7,683.6,702.4,49500,33982500.00,24-Feb-2026,39,INE0GXK01018
VR,SM,132,143.85,132,143.85,143.85,137,1200,167880.00,24-Feb-2026,3,INE0QQM01017
VGUARD,EQ,321.9,321.9,309.1,312.4,314.2,322.7,157023,49492569.20,24-Feb-2026,5598,INE951I01027
VLINFRA,SM,27.8,27.8,23.9,25.9,25.9,26,55500,1364175.00,24-Feb-2026,19,INE0QXL01015
V2RETAIL,EQ,1980.1,2000,1972.3,1994.4,1994.9,1991.3,34316,68221367.70,24-Feb-2026,5616,INE945H01013
WABAG,EQ,1260,1286.9,1260,1275.7,1270,1290.5,195489,248781889.40,24-Feb-2026,16415,INE956G01038
VADILALIND,EQ,4810,4920,4764.2,4854.7,4859.5,4812.9,13333,64646253.40,24-Feb-2026,3171,INE694D01016
VSCL,SM,24.2,24.2,24.2,24.2,24.2,23.05,3000,72600.00,24-Feb-2026,1,INE551Q01028
VAIBHAVGBL,EQ,232.11,233.58,228.64,230.28,232.3,234.54,277249,63979221.44,24-Feb-2026,9176,INE884A01027
MADHAVBAUG,SM,211.6,211.6,209.55,209.55,209.55,224.95,2400,506060.00,24-Feb-2026,6,INE0JR301013
VAISHALI,EQ,7.8,7.8,7.58,7.68,7.69,7.71,73211,561768.12,24-Feb-2026,199,INE972X01022
VAKRANGEE,EQ,6.8,6.87,6.63,6.69,6.69,6.88,2889568,19356161.83,24-Feb-2026,3274,INE051B01021
VALIANTLAB,EQ,60.96,60.96,59.05,59.34,59.08,59.1,78290,4695154.56,24-Feb-2026,130,INE0JWS01017
VALIANTORG,EQ,244.6,244.6,235.64,239.32,236,240.37,17459,4149354.19,24-Feb-2026,444,INE565V01010
DBREALTY,EQ,116.4,117,111.33,112.86,113.6,116.95,1001177,113213510.97,24-Feb-2026,9730,INE879I01012
VARDHACRLC,EQ,36.3,36.63,34.5,35.89,36.5,36.35,26581,959915.18,24-Feb-2026,353,INE116G01013
VHL,EQ,3336,3336,3228.1,3265.5,3255.6,3327.3,668,2187220.50,24-Feb-2026,123,INE701A01023
VARDMNPOLY,EQ,7.24,7.3,7,7.1,7.29,7.04,434387,3099406.19,24-Feb-2026,579,INE835A01029
VSSL,EQ,251.4,252.05,243.55,248.1,249.05,252.35,32483,8029875.70,24-Feb-2026,1210,INE050M01012
VTL,EQ,520,542.5,502,539.65,541,536.1,1447695,759694455.50,24-Feb-2026,46603,INE825A01020
VARROC,EQ,549.1,549.2,535.4,546,547.9,551.85,60864,33026104.15,24-Feb-2026,4475,INE665L01035
VBL,EQ,455,463.9,451.1,459.1,462,457.3,4586271,2095707789.00,24-Feb-2026,41796,INE200M01039
VGL,EQ,140,142,133.49,134.48,133.53,134.16,24898,3404119.22,24-Feb-2026,984,INE273D01019
DENTALKART,SM,494,494,472,474.9,475,480,11000,5273912.50,24-Feb-2026,29,INE0N5801013
VASCONEQ,EQ,38.35,40,37.7,39.27,39.55,38.35,881108,33946805.38,24-Feb-2026,3987,INE893I01013
VASWANI,EQ,59.9,60.66,59.2,59.85,59.8,60.8,40126,2399522.12,24-Feb-2026,924,INE590L01019
VCL,BE,2.25,2.25,2.13,2.21,2.24,2.17,497967,1103405.56,24-Feb-2026,494,INE098201036
115VCCL28,N0,99950,100151.5,99720,100151.5,100151.5,99905.48,34,3404516.00,24-Feb-2026,15,INE04HY07377
125VCCL31,N0,96500,96500,96500,96500,96500,96500,2,193000.00,24-Feb-2026,2,INE04HY08011
MANYAVAR,EQ,421.5,421.5,404.15,407.25,405,421.6,141581,58178073.80,24-Feb-2026,10703,INE825V01034
VEDL,EQ,678.5,698.9,676,695.1,698.5,681.25,10730605,7387539599.90,24-Feb-2026,126555,INE205A01025
VEEDOL,EQ,1414.8,1421.8,1395.9,1406.6,1414.1,1411.8,7745,10884705.40,24-Feb-2026,1209,INE484C01030
VEEKAYEM,SM,163.7,163.7,148.2,158.9,158.9,155.95,7500,1165750.00,24-Feb-2026,15,INE0KTW01013
VENKEYS,EQ,1389,1389,1351.3,1366.9,1367,1385.9,36155,49323354.40,24-Feb-2026,2762,INE398A01010
VENTIVE,EQ,703.95,719,681,713.8,717,700.4,156674,109219663.75,24-Feb-2026,8671,INE781S01027
VENUSPIPES,EQ,1079.5,1079.5,1042,1050.3,1050,1083.3,29870,31496531.30,24-Feb-2026,3759,INE0JA001018
VENUSREM,BE,747.3,747.3,709.95,709.95,709.95,747.3,47662,34188785.10,24-Feb-2026,895,INE411B01019
VERANDA,EQ,183.01,194.99,183.01,191.93,192.4,185.35,112009,21088181.86,24-Feb-2026,1865,INE0IQ001011
VERTEXPLUS,SM,88,90.3,88,89.65,90.3,86,3000,266580.00,24-Feb-2026,5,INE0NLB01018
VERTIS,IV,110,110,110,110,110,109.85,575000,63250000.00,24-Feb-2026,9,INE0KXY23015
VERTOZ,EQ,48.8,48.8,46.08,46.53,46.88,47.13,166545,7801921.13,24-Feb-2026,1019,INE188Y01031
VESUVIUS,EQ,523.1,528.6,501.3,506.05,507.65,520.35,416086,214558553.80,24-Feb-2026,17147,INE386A01023
VETO,EQ,105.3,107.8,103.79,106.59,106.1,104.46,54381,5731709.54,24-Feb-2026,877,INE918N01018
VIAZ,SM,61.65,65.5,61.65,64.95,64.95,63.55,8000,514100.00,24-Feb-2026,4,INE0MO401019
VSTL,EQ,115,116.82,115,115.21,115.23,117.17,12896,1485624.84,24-Feb-2026,266,INE0QTF01015
VHLTD,BE,141.7,148,141,145.8,147,141.34,20820,3026379.28,24-Feb-2026,298,INE048C01025
VICTORYEV,SM,18,18.7,16.9,16.9,16.9,18.35,84000,1498800.00,24-Feb-2026,28,INE0F8901022
VIDHIING,EQ,307.95,310.75,298,301.25,303,309.3,23042,7014173.85,24-Feb-2026,1479,INE632C01026
VIDYAWIRES,EQ,49.51,49.84,48.51,48.96,49.15,50,569681,28023839.61,24-Feb-2026,2847,INE14UN01029
VIGOR,SM,56,56,53.15,53.95,53.95,57,46400,2513360.00,24-Feb-2026,25,INE1DM601016
VIJAYA,EQ,1012.05,1012.1,977.15,986,989,1013.05,87908,86954710.95,24-Feb-2026,9792,INE043W01024
VIJAYPD,ST,67.7,67.7,64.3,64.3,64.3,67.65,52000,3425800.00,24-Feb-2026,13,INE0WL901019
VIJIFIN,EQ,2.27,2.27,2.18,2.19,2.22,2.29,334687,740453.35,24-Feb-2026,396,INE159N01027
VIKASECO,EQ,1.47,1.55,1.46,1.48,1.48,1.46,2101876,3127947.53,24-Feb-2026,1418,INE806A01020
VIKASLIFE,EQ,1.58,1.58,1.4,1.49,1.49,1.58,6011895,9017001.60,24-Feb-2026,15680,INE161L01027
VIKRAMSOLR,EQ,189,189.9,183.5,185.39,185.99,187.06,3533136,658010414.00,24-Feb-2026,36651,INE078V01014
VIKRAN,EQ,69.01,70.8,67.83,68.65,68.85,69.8,3087702,212932331.91,24-Feb-2026,17410,INE01R501028
VILAS,SM,408,408,390.25,399.25,400,402.8,11750,4706637.50,24-Feb-2026,43,INE0AZY01017
VILINBIO,ST,33,33,33,33,33,34.2,4000,132000.00,24-Feb-2026,1,INE0L4V01013
VIMTALABS,EQ,462.05,470.45,452.3,462.25,465,464.75,154296,70867605.20,24-Feb-2026,6793,INE579C01029
VINATIORGA,EQ,1509.1,1516.1,1492.1,1504.8,1497,1516.4,13487,20237431.50,24-Feb-2026,1717,INE410B01037
VINDHYATEL,EQ,1058,1071.7,1043,1057.5,1050,1061.6,6589,6951835.00,24-Feb-2026,1052,INE707A01012
VINEETLAB,EQ,32.2,32.2,29.57,30.25,30.15,32.03,284045,8830405.68,24-Feb-2026,1552,INE505Y01010
VINNY,EQ,1.15,1.15,1.12,1.12,1.13,1.13,98957,111358.99,24-Feb-2026,166,INE01KI01027
VINSYS,SM,318.9,321.05,313.05,314.15,313.9,318.9,16000,5047900.00,24-Feb-2026,53,INE0OSJ01014
VINCOFE,EQ,147.42,147.5,144,147.09,146.8,148.08,1603635,233816397.73,24-Feb-2026,7297,INE498Q01014
VINYAS,SM,989,1000,975,993,993,988,3200,3176460.00,24-Feb-2026,20,INE0OLS01010
VINYLINDIA,EQ,215.83,216.88,213,214.8,215,215.83,6777,1459748.71,24-Feb-2026,291,INE250B01029
VIPCLOTHNG,EQ,21.95,22.11,20.45,21.38,20.86,22.01,400759,8524791.81,24-Feb-2026,2227,INE450G01024
VIPIND,EQ,369,369,361.85,366.25,366.65,372.2,110875,40505126.00,24-Feb-2026,9646,INE054A01027
VIPULLTD,BE,11.6,11.6,10.7,11.57,11.6,11.05,1762980,20263217.65,24-Feb-2026,539,INE946H01037
VIRINCHI,EQ,19.66,20.01,19,19.18,19.39,19.66,122555,2370207.62,24-Feb-2026,491,INE539B01017
VGINFOTECH,SM,126.05,135,126.05,132.45,132.9,129.05,70000,9266400.00,24-Feb-2026,65,INE0VRH01015
VISASTEEL,EQ,39.73,39.73,37,38.52,38.9,37.84,22787,884082.95,24-Feb-2026,245,INE286H01012
VIVIDHA,EQ,0.58,0.58,0.57,0.57,0.58,0.58,196224,112712.51,24-Feb-2026,194,INE370E01029
VISAKAIND,EQ,62.43,62.99,61.5,62.25,61.62,62.55,54092,3355338.79,24-Feb-2026,720,INE392A01021
VISAMAN,ST,133.8,133.8,123.9,129.8,129.8,130.4,11000,1405450.00,24-Feb-2026,8,INE0BHK01012
VMM,EQ,120.32,125.74,119.3,123.59,124.02,120.32,20847017,2581651656.75,24-Feb-2026,91625,INE01EA01019
VISHNU,EQ,515.65,520.5,508.95,513.8,512,516.3,37379,19203802.25,24-Feb-2026,1839,INE270I01022
VPRPL,EQ,44.6,44.69,43.76,44.12,44.27,44.72,931331,41182152.96,24-Feb-2026,3923,INE0AE001013
VISHNUINFR,SM,165.1,165.1,165,165,165,170,1000,165050.00,24-Feb-2026,2,INE0PQ001012
VISHWARAJ,EQ,5.65,5.65,5.52,5.58,5.59,5.67,226846,1264745.11,24-Feb-2026,726,INE430N01022
VISHWAS,SM,39,39,39,39,39,39.05,1600,62400.00,24-Feb-2026,1,INE0S2E01016
VIESL,SM,269,272,253.35,255.55,255.55,268.8,26400,7016200.00,24-Feb-2026,32,INE0TR001017
VITAL,SM,52.1,52.1,51.1,51.1,51.1,52.3,3600,186240.00,24-Feb-2026,3,INE0L4K01016
VIVIANA,SM,702.6,715,685,703.15,700.6,738.05,33800,23577910.00,24-Feb-2026,142,INE0MEG01014
VIVIMEDLAB,EQ,8.78,8.85,8.01,8.01,8.01,8.43,908829,7525439.88,24-Feb-2026,1261,INE526G01021
VIYASH,EQ,216.48,220.71,214.5,219.42,219.5,219.16,660124,144090900.23,24-Feb-2026,22097,INE807F01027
VLEGOV,EQ,16.61,16.74,14.87,15.08,15.02,16.67,740387,11518850.00,24-Feb-2026,2865,INE03HW01020
VLSFINANCE,EQ,260,260,253,257.35,256,257.65,11604,2973107.40,24-Feb-2026,579,INE709A01018
VMART,EQ,573.9,579.85,563.6,569.05,574,573.9,130652,74355945.40,24-Feb-2026,5881,INE665J01013
VMSTMT,EQ,47.7,47.88,46.5,46.67,46.5,47.3,75975,3582988.93,24-Feb-2026,868,INE0SJA01013
IDEA,EQ,10.98,11.05,10.79,10.91,10.95,10.98,385651453,4202620432.16,24-Feb-2026,83569,INE669E01016
IDEA,T0,10.98,10.98,10.98,10.91,10.98,10.98,1,10.98,24-Feb-2026,1,INE669E01016
VOLERCAR,SM,225,233,218.25,220.45,220.45,229.45,8800,1959000.00,24-Feb-2026,11,INE241X01014
VOLTAMP,EQ,8275.5,8528,8247.5,8429.5,8436,8291,50341,424686811.00,24-Feb-2026,15777,INE540H01012
VOLTAS,EQ,1534.1,1555,1531,1538,1538.1,1538.2,927647,1429187161.90,24-Feb-2026,38694,INE226A01021
VRAJ,EQ,129.79,129.8,123.2,125.22,125,128.36,10654,1344836.94,24-Feb-2026,288,INE0S2V01010
VRLLOG,EQ,285.6,287.9,283.55,286.1,286.05,288.25,76509,21865491.55,24-Feb-2026,4869,INE366I01010
VSTIND,EQ,238.5,238.99,234.02,236.83,237.6,239.83,150971,35680966.51,24-Feb-2026,5069,INE710A01016
VSTTILLERS,EQ,5909.5,6030,5839.5,5865,5860,5963.5,10630,62687860.00,24-Feb-2026,2875,INE764D01017
WSI,EQ,70.5,72.49,69.99,72.23,72.49,72.48,158529,11297619.53,24-Feb-2026,2000,INE100D01014
WAAREEENER,EQ,2929,3049,2895.3,3023.5,3040,2915.8,2294645,6830694717.20,24-Feb-2026,94551,INE377N01017
WAAREERTL,EQ,872.4,873.5,855.05,865.8,869.8,874.5,145849,125950349.95,24-Feb-2026,9772,INE299N01021
WAKEFIT,EQ,196.52,197.99,188.5,189.68,190,196.52,240567,46185245.60,24-Feb-2026,7496,INE0E7301029
WALCHANNAG,EQ,174,174,165,169.28,169.5,174.07,465435,78672660.58,24-Feb-2026,6750,INE711A01022
WANBURY,EQ,271.81,271.81,257.13,263.28,264,271.81,45940,12141237.87,24-Feb-2026,1335,INE107F01022
WEWIN,EQ,40.02,41,36.52,40.02,40.94,40.48,20887,793990.01,24-Feb-2026,192,INE082W01014
TWCGOLDETF,EQ,156.87,158.03,156.23,156.78,156.23,156.08,5575,874641.54,24-Feb-2026,114,INF2F0001370
WEALTH,EQ,964.95,993.9,942,971.3,993.9,951.85,3271,3131104.95,24-Feb-2026,292,INE658T01017
WEBELSOLAR,EQ,63.8,63.81,60.9,61.1,61.4,63.95,3952337,242836885.63,24-Feb-2026,25112,INE855C01023
WEIZMANIND,EQ,85.11,85.11,84.01,84.02,84.01,84.68,393,33414.64,24-Feb-2026,15,INE080A01014
WELCORP,EQ,783.5,787.8,770,776.4,779.15,783.15,195498,151932680.05,24-Feb-2026,13585,INE191B01025
WELENT,EQ,486,503.9,486,500.65,497.95,490.7,72857,36333271.80,24-Feb-2026,2316,INE625G01013
WELINV,EQ,1292.3,1316.3,1261.4,1270,1270,1266.9,371,479182.20,24-Feb-2026,29,INE389K01018
WELSPUNLIV,EQ,138,138.16,132.1,134.21,135.29,139.34,3171876,426960940.19,24-Feb-2026,24801,INE192B01031
WENDT,EQ,6806.5,6817.5,6630.5,6750,6785,6772.5,4940,33092028.00,24-Feb-2026,1563,INE274C01019
WSTCSTPAPR,EQ,416.55,420,410,414.2,413,418.1,58085,24111165.05,24-Feb-2026,2071,INE976A01021
WCIL,EQ,116.1,116.71,112.3,113.31,113.7,116.18,59400,6759090.22,24-Feb-2026,1253,INE0CJF01024
WESTLIFE,EQ,504.6,505.45,489.3,492.85,491.65,504.6,57866,28720605.95,24-Feb-2026,3840,INE274F01020
WEWORK,EQ,521,535.8,502.85,515.3,535,524.8,75373,38656878.40,24-Feb-2026,4252,INE085001019
WHEELS,EQ,908,908,877.05,891.95,890.2,898.4,24745,22016190.10,24-Feb-2026,2402,INE715A01015
WHIRLPOOL,EQ,916,924.55,897.05,904.25,902.1,924.9,221237,201907572.55,24-Feb-2026,12407,INE716A01013
WILLAMAGOR,EQ,29.96,29.97,27.31,28.57,28.89,27.2,15457,446253.48,24-Feb-2026,153,INE210A01017
WINDLAS,EQ,774.05,778,746,761.3,763.95,771.45,31548,24005902.05,24-Feb-2026,2440,INE0H5O01029
WINDMACHIN,EQ,239.1,242.8,236.55,237.4,236.7,242.5,11169,2671918.70,24-Feb-2026,431,INE052A01021
WINNY,SM,52,52,52,52,52,55.95,500,26000.00,24-Feb-2026,1,INE0S9101013
WINSOL,SM,144,148.3,137.8,140.2,141.35,139.8,9200,1319980.00,24-Feb-2026,23,INE0S3D01016
WINSOME,BZ,1.67,1.72,1.66,1.72,1.72,1.69,3394,5836.17,24-Feb-2026,23,INE784B01035
WIPRO,EQ,203,203.29,199.36,200.14,200.49,205.89,25036686,5025474889.20,24-Feb-2026,247920,INE075A01022
WTICAB,SM,114.2,118.4,113,117.7,118.4,119.15,6500,750300.00,24-Feb-2026,12,INE623Y01011
WOCKPHARMA,EQ,1364.9,1368.5,1346.8,1362,1360,1364.9,244541,331833571.20,24-Feb-2026,10674,INE049B01025
WOL3D,ST,126.6,126.6,126.6,126.6,126.6,132,2000,253200.00,24-Feb-2026,2,INE0OO201011
WOMANCART,SM,172.8,172.8,151.55,152.95,154,166.3,58000,9096560.00,24-Feb-2026,111,INE0Q9601016
WEL,EQ,144.9,144.9,140,141.55,142,141.5,11585,1635567.77,24-Feb-2026,342,INE02WG01024
WONDERLA,EQ,483.5,489.9,480,486.55,488.25,486.5,38417,18630160.95,24-Feb-2026,1430,INE066O01014
WORTHPERI,EQ,140.99,140.99,135.25,137.09,136.1,139.74,7279,1001132.79,24-Feb-2026,103,INE196Y01018
XCHANGING,EQ,66.5,68,65.8,66.5,66.75,66.99,64396,4277907.52,24-Feb-2026,1277,INE692G01013
XELPMOC,EQ,136.52,136.69,129.61,132.25,131.1,137.31,21263,2817445.92,24-Feb-2026,437,INE01P501012
XPROINDIA,EQ,860,888.8,842.4,874.6,875,857.95,25866,22460366.75,24-Feb-2026,1712,INE445C01015
XTGLOBAL,EQ,29,29.2,26.35,28.68,27.98,28.59,40754,1148889.70,24-Feb-2026,532,INE547B01028
YASHOPTICS,SM,110,113.8,108.6,108.6,108.6,112.1,7200,796680.00,24-Feb-2026,9,INE0TO601017
YASHO,EQ,1498.4,1523.4,1448.1,1454.6,1448.1,1498.4,41132,61558007.10,24-Feb-2026,2029,INE616Z01012
YCCL,SM,10.95,11.2,10.95,11.2,11.2,11,36000,394950.00,24-Feb-2026,2,INE08S201019
YATHARTH,EQ,723,723,701,704.1,704,723.35,261154,185089843.90,24-Feb-2026,12163,INE0JO301016
YATRA,EQ,144,144,114.64,116.92,114.64,143.3,10981995,1363518674.84,24-Feb-2026,76108,INE0JR601024
YESBANK,EQ,20.89,21.01,20.61,20.82,20.85,20.89,81564930,1698635575.35,24-Feb-2026,84350,INE528G01035
YUDIZ,ST,34.05,34.05,34.05,34.05,34.05,32.45,8800,299640.00,24-Feb-2026,10,INE09FA01019
YUKEN,EQ,766.05,766.05,725,739.15,740.4,727.75,3554,2625200.65,24-Feb-2026,331,INE384C01016
ZTECH,SM,525.9,525.9,514.9,514.95,515,523.25,9300,4815915.00,24-Feb-2026,27,INE0ISZ01012
ZAGGLE,EQ,236.75,236.75,221.25,224.15,226.5,235.55,2231718,502420080.20,24-Feb-2026,28834,INE07K301024
ZEAL,SM,81,83,81,83,83,80,1200,98400.00,24-Feb-2026,2,INE0PPS01018
ZEEL,EQ,90.95,91.05,87.47,88.04,88.18,90.76,4923322,437353777.57,24-Feb-2026,23558,INE256A01028
ZEELEARN,EQ,5.88,5.98,5.76,5.81,5.88,5.9,165251,971495.49,24-Feb-2026,617,INE565L01011
ZEEMEDIA,BE,9.3,9.3,8.85,8.85,8.85,9.31,2738307,24587079.71,24-Feb-2026,1065,INE966H01019
ZENTEC,EQ,1314,1328.9,1305.7,1325,1327,1323.7,268450,353939205.30,24-Feb-2026,14315,INE251B01027
ZENITHDRUG,SM,46,52.05,45,48.25,49.2,45.35,46400,2284240.00,24-Feb-2026,53,INE0QWN01013
ZENITHEXPO,EQ,191.1,198.4,191.1,198.31,192.9,189.81,232,45902.11,24-Feb-2026,10,INE058B01018
ZENITHSTL,EQ,5.03,5.09,4.97,4.99,5.03,5.03,34725,174032.24,24-Feb-2026,223,INE318D01020
ZENSARTECH,EQ,556.3,563.85,535.85,537.4,537.8,570.05,930275,507348255.50,24-Feb-2026,40297,INE520A01027
GOLDCASE,EQ,25.48,25.48,24.78,24.96,25,24.74,11361142,283278966.10,24-Feb-2026,14840,INF0R8F01042
LIQUIDCASE,EQ,112.88,112.88,112.86,112.86,112.88,112.86,16868776,1903946755.33,24-Feb-2026,9716,INF0R8F01034
LTGILTCASE,EQ,28.94,29.94,28.94,29.88,29.9,29.84,81545,2434946.29,24-Feb-2026,179,INF0R8F01133
MID150CASE,EQ,10.78,11.11,10.78,10.93,10.95,10.96,4722445,51530093.51,24-Feb-2026,5984,INF0R8F01059
NIFTYCASE,EQ,10.47,10.47,10.1,10.14,10.17,10.22,2398215,24362692.79,24-Feb-2026,2394,INF0R8F01166
SILVERCASE,EQ,26.99,26.99,26.12,26.6,26.64,26.51,23698469,630900107.40,24-Feb-2026,18889,INF0R8F01091
SML100CASE,EQ,9.46,9.77,9.46,9.61,9.66,9.64,3300434,31705805.37,24-Feb-2026,2450,INF0R8F01141
TOP100CASE,EQ,10.7,11.16,10.7,10.9,10.93,10.99,3900750,42667809.91,24-Feb-2026,2767,INF0R8F01067
ZFCVINDIA,EQ,15595,15960,15538,15799,15800,15595,12896,203836491.00,24-Feb-2026,4977,INE342J01019
ZIMLAB,EQ,70.2,70.2,67.91,68.07,68.25,70.02,70115,4810061.74,24-Feb-2026,958,INE518E01015
ZODIACLOTH,EQ,80,81.66,79.69,80.72,80,79.69,4588,369057.57,24-Feb-2026,127,INE206B01013
ZODIAC,EQ,246.7,258.45,241.1,246.7,250.8,253.55,30312,7465199.10,24-Feb-2026,1887,INE761Y01019
ZOTA,EQ,1275,1282.8,1246,1248.7,1250,1270.6,42894,54003865.40,24-Feb-2026,2535,INE358U01012
ZUARI,EQ,226.5,230,222.35,224.35,225.5,225.75,93597,20955990.35,24-Feb-2026,2192,INE840M01016
ZUARIIND,EQ,251.85,254.8,248.1,252.85,254,251.65,50618,12719643.15,24-Feb-2026,1644,INE217A01012
ZYDUSLIFE,EQ,902.05,907,899.1,903.85,907,907.95,369018,333436793.90,24-Feb-2026,17701,INE010B01027
ZYDUSWELL,EQ,406.65,406.65,395,399,398.75,406.65,69035,27569707.15,24-Feb-2026,3777,INE768C01028
